data1,data2,data3,data4,data5,data6,data7,data8
0,0,300,100,75,0.1,0.1,0.1
0.0100016669444907,0,300,100,75,0.1,0.1,0.1
0.0200033338889815,3.66058060379843e-05,300,99.9999999999993,75.0000000000018,0.0999999999996049,0.0999999999997381,0.0999999999998283
0.0300050008334722,0.00044985162193688,299.999999989256,99.9999999752125,75.0000000537057,0.0999999820707026,0.0999999891468765,0.0999999933616151
0.040006667777963,0.00255079970824772,299.999999758229,99.9999995724926,75.000000142672,0.0999995173524821,0.0999997272932617,0.0999998430900102
0.0500083347224537,0.00621587328669335,300.0000004483,99.9999987074274,74.9999898586689,0.100000424726644,0.100000336567766,0.100000246276195
0.0600100016669445,0.00251418829286104,300.000006023732,100.000011784976,74.999967348589,0.10001017305674,0.100006128454217,0.100003733461135
0.0700116686114352,-0.00830747670097259,300.000014579398,100.000035430313,74.9999435951736,0.100025563481293,0.100015171384319,0.10000912562685
0.080013335555926,-0.026058644038404,300.000021421491,100.000055451522,74.9999280061531,0.100038008800983,0.100022452548827,0.100013450871968
0.0900150025004167,-0.0504957149616856,300.00002538022,100.000067394553,74.9999200855434,0.100045253740356,0.100026681237929,0.100015957597655
0.100016669444907,-0.0812396959010931,300.00002753363,100.000074019139,74.9999161683677,0.100049210489298,0.100028987162686,0.100017322665553
0.110018336389398,-0.117790892218191,300.000028867597,100.000078180124,74.9999139168064,0.100051668606798,0.100030418139452,0.100018168949152
0.120020003333889,-0.159541730433156,300.000029836751,100.000081235312,74.9999123791773,0.100053458428394,0.100031459193426,0.100018784166655
0.13002167027838,-0.205789991517602,300.000030598403,100.000083657057,74.999911233924,0.100054867578546,0.100032278265011,0.10001926790379
0.14002333722287,-0.25575287397627,300.00003120625,100.000085604011,74.999910363424,0.100055993917817,0.100032932564656,0.100019654122713
0.150025004167361,-0.308581638186066,300.000031692886,100.000087173013,74.9999096979165,0.100056896915399,0.100033456843873,0.100019963445321
0.160026671111852,-0.363376614040355,300.000032088295,100.000088455724,74.999909181102,0.10005763159559,0.100033883185551,0.100020214872417
0.170028338056343,-0.419202357839979,300.000032417857,100.000089531184,74.9999087697532,0.100058244711995,0.100034238810414,0.100020424504221
0.180030005000833,-0.475102748640635,300.000032700005,100.000090457398,74.9999084343329,0.100058770292637,0.100034543513518,0.100020604040113
0.190031671945324,-0.530115822643336,300.000032946677,100.000091272167,74.9999081564083,0.100059230405763,0.100034810126326,0.1000207610605
0.200033338889815,-0.583288156212229,300.000033164922,100.000091997865,74.9999079252689,0.100059638089722,0.100035046228333,0.100020900042262
0.210035005834306,-0.633688623288391,300.000033358442,100.000092646205,74.9999077351919,0.100060000185269,0.100035255797086,0.100021023335219
0.220036672778796,-0.680421370731957,300.000033528742,100.000093221855,74.9999075835531,0.100060319466056,0.100035440447897,0.100021131895013
0.230038339723287,-0.722637874742425,300.000033675949,100.000093725022,74.9999074695825,0.100060596140957,0.100035600307275,0.100021225799061
0.240040006667778,-0.759547962214528,300.000033799367,100.00009415324,74.9999073935645,0.100060828893914,0.100035734616951,0.100021304603079
0.250041673612269,-0.790429701951516,300.000033897846,100.000094502568,74.9999073563668,0.100061015563287,0.100035842128048,0.100021367573506
0.260043340556759,-0.814638091433288,300.000033969978,100.000094768234,74.9999073592297,0.100061153508495,0.10003592131344,0.10002141381252
0.27004500750125,-0.83161248480299,300.00003401414,100.000094944801,74.9999074037707,0.100061239693373,0.100035970415573,0.10002144228595
0.280046674445741,-0.840882726517592,300.000034028402,100.000095025888,74.999907492159,0.100061270519348,0.100035987349159,0.100021451765624
0.290048341390232,-0.842073972477278,300.000034010326,100.000095003524,74.9999076274164,0.100061241450563,0.100035969483296,0.100021440700708
0.300050008334722,-0.834910196310725,300.000033956676,100.000094867213,74.9999078138011,0.100061146477783,0.100035913330304,0.100021407034157
0.310051675279213,-0.819216392863185,300.00003386307,100.000094602789,74.9999080572382,0.100060977466446,0.100035814167613,0.10002134797986
0.320053342223704,-0.794919503905897,300.000033723588,100.000094191128,74.999908365765,0.100060723430681,0.10003566561703,0.100021259774807
0.330055009168195,-0.76204810280026,300.000033530368,100.000093606805,74.9999087499556,0.100060369777083,0.100035459206787,0.100021137421298
0.340056676112685,-0.720730885467699,300.000033273217,100.000092816779,74.9999092232803,0.100059897577279,0.100035183950716,0.100020974439457
0.350058343057176,-0.671194024687868,300.000032939294,100.000091779291,74.9999098023274,0.100059282963301,0.100034825999111,0.100020762662258
0.360060010001667,-0.613757453598359,300.000032512931,100.000090443215,74.9999105067779,0.100058496796964,0.100034368449083,0.100020492124861
0.370061676946158,-0.548830152383363,300.000031975735,100.000088748286,74.9999113589766,0.100057504840684,0.100033791446352,0.100020151126055
0.380063343890648,-0.476904519556007,300.000031307124,100.000086626727,74.9999123829007,0.100056268739547,0.100033072758115,0.100019726567668
0.390065010835139,-0.398549915952395,300.000030485499,100.000084006948,74.9999136023062,0.100054748186507,0.100032189032426,0.100019204698802
0.40006667777963,-0.314405475516808,300.00002949025,100.000080819987,74.9999150378699,0.10005290464096,0.100031117958306,0.100018572390874
0.410068344724121,-0.225172282086427,300.000028304729,100.000077009139,74.9999167032616,0.100050706847377,0.100029841468784,0.100017819026831
0.420070011668611,-0.131605015578678,300.000026920148,100.000072542714,74.9999186003287,0.100048138094994,0.100028349951427,0.100016938982999
0.430071678613102,-0.0345031741345793,300.000025340099,100.000067428944,74.9999207139351,0.100045204637222,0.100026647127855,0.100015934503311
0.440073345557593,0.0652980192285811,300.000023584989,100.000061730805,74.9999230074439,0.100041943985304,0.100024754855486,0.100014818525142
0.450075012502084,0.166936916141916,300.000021695308,100.000055577212,74.9999254202224,0.100038431053651,0.100022716678134,0.100013616764935
0.460076679446574,0.269534839817197,300.000019732389,100.000049166155,74.9999278687091,0.10003477964776,0.100020598671288,0.100012368207049
0.470078346391065,0.372205472493392,300.000017775378,100.000042755499,74.9999302522623,0.100031136921722,0.100018486208823,0.100011123188004
0.480080013335556,0.474064129704075,300.000015913753,100.000036639058,74.9999324640867,0.100027669514057,0.100016475907036,0.100009938640077
0.490081680280047,0.574236822144359,300.00001423581,100.000031109153,74.9999344060569,0.100024542155103,0.100014663211719,0.100008870771754
0.500083347224537,0.671869011567614,300.000012815007,100.000026411633,74.9999360046079,0.100021892216074,0.10001312764544,0.100007966376441
0.510085014169028,0.766133973842831,300.000011697292,100.000022703553,74.9999372236968,0.10001980602266,0.100011919093377,0.100007254761382
0.520086681113519,0.856240689891479,300.000010893,100.00002002538,74.9999380708451,0.100018303621455,0.100011049003004,0.100006742578979
0.53008834805801,0.941441193516549,300.000010376102,100.000018297127,74.9999385938249,0.100017337203969,0.100010489507568,0.100006413330061
0.5400900150025,1.02103731394731,300.000010091522,100.000017341227,74.9999388683489,0.100016804603505,0.100010181283039,0.100006232010416
0.550091681946991,1.09438676006832,300.000009968664,100.000016926343,74.9999389801605,0.100016574401671,0.100010048120429,0.100006153706018
0.560093348891482,1.16090850261267,300.000009937125,100.000016819179,74.9999390068705,0.100016515224802,0.100010013906465,0.100006133596292
0.570095015835973,1.22008741992847,300.000009939987,100.00001682902,74.999939004793,0.1000165206101,0.100010017017012,0.10000613542294
0.580096682780463,1.27147818214534,300.000009941248,100.000016833355,74.9999390038845,0.100016522981333,0.100010018386582,0.100006136227181
0.590098349724954,1.31470835756131,300.00000992632,100.000016780727,74.9999390107247,0.100016494740395,0.100010002109533,0.100006126687201
0.600100016669445,1.34948073374384,300.000009897068,100.000016675174,74.9999390167646,0.100016439103899,0.10000997010671,0.10000610796454
0.610101683613936,1.37557485411565,300.000009864261,100.000016551668,74.9999390079439,0.100016376080929,0.100009933989965,0.100006086907283
0.620103350558426,1.39284777861794,300.00000984041,100.000016452298,74.9999389723889,0.100016329094935,0.100009907313123,0.100006071487848
0.630105017502917,1.40123408437536,300.000009834886,100.000016409689,74.9999389045672,0.100016315820924,0.1000099002742,0.100006067689056
0.640106684447408,1.4007451291071,300.000009851829,100.000016439566,74.9999388059888,0.100016344232988,0.100009917439552,0.100006078171426
0.650108351391899,1.39146760632602,300.000009890335,100.000016540882,74.9999386835944,0.100016412878235,0.100009957915052,0.100006102380611
0.660110018336389,1.37356142713576,300.000009945897,100.0000167003,74.9999385472174,0.100016513541964,0.100010016898504,0.10000613746597
0.67011168528088,1.34725696866549,300.000010012204,100.00001689802,74.999938407178,0.100016634585452,0.100010087617174,0.100006179423501
0.680113352225371,1.31285173386343,300.000010082695,100.000017112905,74.9999382725567,0.10001676383956,0.100010163004386,0.100006224083214
0.690115019169862,1.27070647149049,300.000010151614,100.00001732606,74.9999381502605,0.100016890582305,0.100010236843258,0.100006267781562
0.700116686114352,1.22124080869813,300.000010214556,100.000017522762,74.9999380447429,0.10001700658264,0.100010304368515,0.100006307714299
0.710118353058843,1.16492845152679,300.000010268636,100.000017693113,74.999937958159,0.1000171064152,0.100010362445923,0.100006342040576
0.720120020003334,1.10229201100512,300.000010312397,100.000017831829,74.999937890749,0.100017187303032,0.100010409478659,0.100006369826477
0.730121686947825,1.03389751425612,300.000010345581,100.00001793757,74.9999378413034,0.100017248708676,0.100010445168481,0.10000639090336
0.740123353892315,0.960348661114947,300.000010368862,100.000018012085,74.9999378076186,0.100017291829169,0.100010470221794,0.10000640569405
0.750125020836806,0.882280887232098,300.000010383569,100.000018059338,74.9999377868967,0.10001731908991,0.100010486055544,0.100006415039185
0.760126687781297,0.80035529448247,300.000010391438,100.000018084709,74.9999377760744,0.100017333687377,0.100010494531778,0.10000642004064
0.770128354725788,0.715252508737515,300.000010394408,100.000018094317,74.9999377720787,0.100017339201793,0.10001049773301,0.100006421929125
0.780130021670278,0.627666523709577,300.000010394453,100.000018094461,74.9999377720168,0.100017339284413,0.10001049778099,0.100006421957439
0.790131688614769,0.538298587676031,300.000010393448,100.00001809119,74.9999377733093,0.100017337415865,0.100010496696787,0.100006421318121
0.80013335555926,0.447851187477726,300.000010393078,100.000018089985,74.9999377737772,0.100017336728583,0.100010496298066,0.100006421083043
0.810135022503751,0.357022181309537,300.000010394774,100.000018095535,74.9999377716885,0.100017339885349,0.100010498128925,0.100006422162206
0.820136689448241,0.266499128535192,300.000010399673,100.000018111602,74.9999377657754,0.100017349006007,0.100010503417672,0.100006425278996
0.830138356392732,0.176953861122217,300.0000104086,100.000018140953,74.9999377552258,0.100017365634643,0.100010513058047,0.100006430959255
0.840140023337223,0.0890373373668842,300.00001042207,100.000018185357,74.9999377396564,0.100017390739733,0.100010527609531,0.100006439531582
0.850141690281714,0.00337481442472037,300.000010440301,100.00001824562,74.9999377190729,0.100017424739872,0.100010547312473,0.100006451136359
0.860143357226204,-0.0794386281603005,300.000010463242,100.000018321663,74.9999376938216,0.100017467547867,0.100010572113825,0.100006465741001
0.870145024170695,-0.158842186167417,300.000010490597,100.000018412611,74.9999376645377,0.10001751862632,0.100010601699505,0.100006483159104
0.880146691115186,-0.234313026380016,300.000010521863,100.000018516901,74.9999376320939,0.100017577048455,0.100010635529771,0.100006503071346
0.890148358059677,-0.305369561459509,300.000010556361,100.000018632384,74.999937597552,0.100017641558939,0.100010672874575,0.10000652504636
0.900150025004167,-0.371574289692529,300.000010593265,100.000018756424,74.9999375621195,0.100017710630761,0.100010712846586,0.10000654856023
0.910151691948658,-0.432536189670074,300.000010631633,100.000018885989,74.9999375271123,0.100017782515733,0.100010754430525,0.100006573013793
0.920153358893149,-0.487912664221913,300.000010670427,100.000019017722,74.9999374939233,0.100017855287885,0.100010796508349,0.100006597747502
0.93015502583764,-0.537411032050162,300.000010708536,100.000019148009,74.999937463995,0.100017926880568,0.100010837880804,0.100006622054137
0.94015669278213,-0.580789569456104,300.000010744789,100.000019273034,74.9999374387942,0.100017995119614,0.10001087728667,0.10000664519017
0.950158359726621,-0.617858108311203,300.00001077798,100.000019388837,74.9999374197872,0.100018057755971,0.100010913421732,0.100006666386957
0.960160026671112,-0.648478199967232,300.00001080688,100.000019491377,74.9999374084106,0.100018112502077,0.100010944959911,0.100006684863217
0.970161693615603,-0.672562858114487,300.000010830267,100.000019576607,74.9999374060372,0.100018157076427,0.100010970579155,0.100006699840317
0.980163360560093,-0.690075896666231,300.000010846951,100.000019640575,74.9999374139324,0.100018189260521,0.100010988994517,0.100006710561793
0.990165027504584,-0.701030881559245,300.000010855819,100.000019679551,74.9999374332022,0.10001820697135,0.100010999000232,0.10000671631817
1.00016669444907,-0.705489717903204,300.000010855881,100.00001969018,74.9999374647307,0.100018208350913,0.10001099952166,0.100006716477598
1.01016836139357,-0.703560896176631,300.000010846324,100.00001966967,74.9999375091105,0.100018191871831,0.10001098967654,0.100006710521949
1.02017002833806,-0.695397423146286,300.000010826578,100.000019616001,74.999937566569,0.100018156455057,0.100010968843225,0.100006698087022
1.03017169528255,-0.681194464874757,300.000010796382,100.000019528142,74.9999376368975,0.10001810159224,0.10001093673156,0.100006679004276
1.04017336222704,-0.661186730573573,300.000010755843,100.000019406257,74.9999377193903,0.100018027461714,0.100010893450021,0.100006653340328
1.05017502917153,-0.635645627155013,300.000010705491,100.000019251881,74.9999378128042,0.100017935024035,0.100010839560929,0.100006621429395
1.06017669611602,-0.604876215135679,300.000010646307,100.000019068031,74.9999379153479,0.100017826081016,0.100010776114445,0.100006583893206
1.07017836306051,-0.569213997052067,300.000010579725,100.000018859224,74.999938024711,0.100017703282141,0.100010704652001,0.100006541642865
1.080180030005,-0.529021569768862,300.000010507604,100.000018631382,74.9999381381392,0.100017570064576,0.100010627171208,0.100006495858017
1.09018169694949,-0.484685172002841,300.000010432149,100.000018391603,74.9999382525572,0.100017430518308,0.100010546047349,0.100006447940406
1.10018336389398,-0.436611158060337,300.0000103558,100.000018147798,74.9999383647373,0.100017289175907,0.10001046391119,0.100006399441731
1.11018503083847,-0.385222428207624,300.000010281084,100.000017908214,74.9999384715011,0.10001715073657,0.100010383488768,0.100006351969116
1.12018669778296,-0.330954845277209,300.000010210442,100.000017680865,74.9999385699392,0.100017019744975,0.100010307415071,0.100006307075262
1.13018836472745,-0.274253666076517,300.000010146047,100.000017472946,74.9999386576256,0.100016900255324,0.100010238039256,0.100006266143664
1.14019003167195,-0.215570014928301,300.000010089637,100.000017290269,74.9999387328018,0.100016795517613,0.100010177242895,0.100006230281596
1.15019169861644,-0.155357425255042,300.000010042381,100.000017136814,74.9999387945066,0.100016707724872,0.100010126293698,0.100006200234054
1.16019336556093,-0.0940684735442329,300.000010004794,100.000017014441,74.9999388426333,0.10001663785565,0.100010085754564,0.100006176330362
1.17019503250542,-0.0321515283200412,300.000009976715,100.000016922801,74.9999388779032,0.100016585635377,0.100010055461613,0.100006158471468
1.18019669944991,0.0299523650782078,300.000009957362,100.000016859489,74.9999389017578,0.100016549624779,0.100010034575896,0.100006146160637
1.1901983663944,0.0918124450266705,300.000009945438,100.000016820388,74.9999389161811,0.100016527425647,0.100010021703085,0.100006138574202
1.20020003333889,0.153011022558569,300.000009939291,100.000016800187,74.9999389234754,0.100016515977335,0.100010015065685,0.100006134663186
1.21020170028338,0.213146083852753,300.000009937106,100.000016792988,74.99993892602,0.100016511904529,0.100010012704822,0.100006133272303
1.22020336722787,0.271833693467543,300.000009937087,100.000016792928,74.9999389260427,0.100016511870586,0.100010012685133,0.100006133260696
1.23020503417236,0.32871018758921,300.000009937635,100.000016794741,74.9999389254328,0.100016512892238,0.100010013277105,0.100006133609323
1.24020670111685,0.383434148626343,300.000009937468,100.000016794185,74.9999389256125,0.100016512580032,0.100010013096263,0.100006133502851
1.25020836806134,0.435688154517035,300.000009935702,100.000016788307,74.9999389274784,0.10001650928267,0.100010011186565,0.100006132378653
1.26021003500583,0.485180298110047,300.000009931875,100.000016775526,74.9999389314097,0.100016502129301,0.100010007044624,0.100006129940914
1.27021170195032,0.531645473919338,300.000009925913,100.000016755551,74.9999389373333,0.100016490978867,0.100010000590059,0.100006126143013
1.28021336889482,0.574846431420946,300.000009918069,100.000016729173,74.9999389448273,0.100016476297118,0.100009992093972,0.100006121145263
1.29021503583931,0.614574595850452,300.000009908831,100.00001669797,74.9999389532455,0.100016458988448,0.100009982081305,0.100006115257301
1.3002167027838,0.650650659157914,300.00000989882,100.000016663982,74.9999389618417,0.100016440210964,0.100009971223565,0.100006108874842
1.31021836972829,0.682924945376331,300.000009888699,100.000016629404,74.9999389698809,0.100016421199942,0.100009960236487,0.100006102419389
1.32022003667278,0.711277556151732,300.000009879089,100.000016596314,74.9999389767251,0.100016403118567,0.100009949793564,0.10000609628732
1.33022170361727,0.735618303561408,300.000009870514,100.000016566477,74.9999389818908,0.100016386947221,0.100009940461982,0.100006090812201
1.34022337056176,0.755886438606636,300.000009863362,100.000016541222,74.9999389850773,0.10001637341521,0.100009932663166,0.100006086241604
1.35022503750625,0.772050184903503,300.000009857872,100.000016521387,74.9999389861687,0.100016362972697,0.10000992665664,0.100006082727672
1.36022670445074,0.784106088107427,300.000009854135,100.000016507325,74.9999389852176,0.100016355796425,0.100009922543457,0.100006080329198
1.37022837139523,0.792078192492253,300.000009852112,100.000016498958,74.9999389824138,0.100016351820519,0.100009920284156,0.100006079022254
1.38023003833972,0.796017056862948,300.000009851661,100.000016495854,74.9999389780479,0.100016350783191,0.100009919725897,0.100006078716219
1.39023170528421,0.795998622612625,300.000009852561,100.000016497327,74.9999389724719,0.100016352280879,0.100009920633891,0.100006079272311
1.4002333722287,0.792122947241711,300.00000985455,100.000016502526,74.9999389660637,0.100016355822891,0.100009922723089,0.100006080522273
1.4102350391732,0.784512817042192,300.000009857342,100.00001651053,74.999938959196,0.100016360881488,0.100009925687211,0.100006082285464
1.42023670611769,0.773312252916665,300.000009860657,100.000016520418,74.9999389522121,0.100016366934192,0.100009929223248,0.100006084383294
1.43023837306218,0.758684923454773,300.000009864236,100.000016531335,74.9999389454092,0.100016373496706,0.100009933050518,0.100006086650424
1.44024004000667,0.74081247943372,300.000009867851,100.000016542525,74.9999389390276,0.100016380146149,0.100009936924093,0.100006088942667
1.45024170695116,0.719892823850577,300.000009871317,100.000016553367,74.9999389332471,0.100016386535184,0.100009940642956,0.100006091141763
1.46024337389565,0.696138331438391,300.000009874492,100.000016563377,74.9999389281868,0.100016392398236,0.100009944053564,0.100006093157469
1.47024504084014,0.669774031372237,300.00000987728,100.000016572219,74.9999389239096,0.100016397551256,0.100009947049675,0.100006094927428
1.48024670778463,0.641035766542424,300.000009879622,100.000016579687,74.9999389204288,0.100016401886568,0.100009949569337,0.10000609641539
1.49024837472912,0.610168342367133,300.0000098815,100.000016585698,74.9999389177165,0.100016405364309,0.100009951589899,0.10000609760825
1.50025004167361,0.57742367764326,300.000009882923,100.000016590271,74.9999389157119,0.100016408001746,0.100009953121794,0.100006098512382
1.5102517086181,0.543058969399421,300.000009883925,100.000016593503,74.9999389143311,0.100016409861591,0.100009954201762,0.100006099149636
1.52025337556259,0.507334883126266,300.00000988456,100.000016595556,74.9999389134747,0.100016411040205,0.100009954885996,0.100006099553294
1.53025504250708,0.4705137791237,300.000009884892,100.000016596632,74.9999389130358,0.100016411656338,0.10000995524361,0.100006099764226
1.54025670945158,0.432857985029222,300.000009884992,100.000016596954,74.9999389129068,0.100016411840888,0.100009955350706,0.100006099827384
1.55025837639607,0.394628123883371,300.000009884931,100.000016596756,74.9999389129839,0.100016411727969,0.100009955285194,0.100006099788757
1.56026004334056,0.356081506353531,300.00000988478,100.000016596264,74.9999389131725,0.100016411447441,0.100009955122466,0.100006099692827
1.57026171028505,0.317470594982674,300.000009884603,100.000016595686,74.9999389133896,0.100016411118961,0.100009954931956,0.100006099580535
1.58026337722954,0.279041547560704,300.000009884458,100.000016595208,74.9999389135658,0.100016410847505,0.100009954774545,0.100006099487767
1.59026504417403,0.241032845938801,300.000009884389,100.000016594984,74.999938913647,0.100016410720266,0.100009954700775,0.100006099444298
1.60026671111852,0.203674015826747,300.000009884435,100.000016595133,74.9999389135943,0.100016410804809,0.10000995474978,0.100006099473169
1.61026837806301,0.167184442334723,300.000009884619,100.000016595741,74.9999389133839,0.100016411148303,0.100009954948856,0.100006099590434
1.6202700450075,0.131772285249116,300.000009884956,100.000016596858,74.9999389130062,0.100016411777689,0.100009955313557,0.100006099805224
1.63027171195199,0.0976334972707871,300.000009885451,100.000016598498,74.9999389124644,0.100016412700607,0.100009955848243,0.100006100120072
1.64027337889648,0.064950947698065,300.000009886097,100.000016600647,74.9999389117731,0.100016413906947,0.100009956546982,0.100006100531446
1.65027504584097,0.0338936533090072,300.00000988688,100.000016603259,74.9999389109563,0.100016415370861,0.100009957394724,0.100006101030441
1.66027671278546,0.00461611749156645,300.00000988778,100.000016606269,74.9999389100459,0.100016417053141,0.100009958368679,0.100006101603599
1.67027837972995,-0.022742222010798,300.00000988877,100.000016609588,74.9999389090788,0.100016418903823,0.100009959439833,0.100006102233799
1.68028004667445,-0.0480574370241955,300.000009889817,100.000016613117,74.999938908096,0.100016420864959,0.100009960574556,0.100006102901209
1.69028171361894,-0.0712214454500788,300.000009890888,100.000016616743,74.9999389071396,0.100016422873433,0.10000996173624,0.100006103584246
1.70028338056343,-0.0921422418538123,300.000009891949,100.000016620351,74.9999389062515,0.100016424863785,0.100009962886929,0.100006104260547
1.71028504750792,-0.110744024196694,300.000009892964,100.000016623827,74.9999389054715,0.100016426770951,0.100009963988916,0.100006104907898
1.72028671445241,-0.126967219295701,300.0000098939,100.000016627059,74.9999389048355,0.100016428532864,0.100009965006246,0.100006105505132
1.7302883813969,-0.140768410082774,300.000009894726,100.000016629947,74.9999389043745,0.100016430092857,0.100009965906111,0.10000610603294
1.74029004834139,-0.152120168186018,300.000009895417,100.000016632402,74.9999389041128,0.100016431401803,0.100009966660089,0.100006106474605
1.75029171528588,-0.161010795768254,300.000009895951,100.000016634351,74.9999389040676,0.100016432419945,0.100009967245198,0.100006106816623
1.76029338223037,-0.167443980933422,300.000009896313,100.000016635742,74.9999389042481,0.100016433118338,0.100009967644736,0.100006107049196
1.77029504917486,-0.171438371348382,300.000009896494,100.000016636541,74.9999389046552,0.100016433479884,0.100009967848876,0.100006107166577
1.78029671611935,-0.173027071026737,300.000009896491,100.000016636738,74.9999389052816,0.100016433499889,0.100009967854985,0.100006107167263
1.79029838306384,-0.172257065482565,300.000009896309,100.000016636344,74.9999389061119,0.10001643318613,0.100009967667663,0.10000610705401
1.80030005000833,-0.169188580686062,300.000009895959,100.000016635391,74.9999389071234,0.100016432558415,0.100009967298478,0.100006106833683
1.81030171695283,-0.163894381440397,300.000009895458,100.000016633931,74.9999389082871,0.100016431647625,0.100009966765416,0.10000610651692
1.82030338389732,-0.156459014950536,300.000009894827,100.000016632035,74.999938909569,0.100016430494291,0.100009966092046,0.100006106117648
1.83030505084181,-0.146978005471101,300.000009894093,100.000016629784,74.9999389109312,0.10001642914673,0.100009965306441,0.100006105652441
1.8403067177863,-0.135557006002555,300.000009893285,100.000016627273,74.9999389123341,0.100016427658832,0.100009964439891,0.10000610513976
1.85030838473079,-0.122310913054151,300.000009892433,100.000016624602,74.9999389137376,0.100016426087588,0.10000996352547,0.100006104599111
1.86031005167528,-0.107362950509327,300.000009891568,100.000016621872,74.9999389151032,0.100016424490472,0.100009962596515,0.100006104050146
1.87031171861977,-0.0908437286157164,300.00000989072,100.00001661918,74.9999389163956,0.100016422922813,0.100009961685107,0.100006103511767
1.88031338556426,-0.072890284078999,300.000009889917,100.000016616616,74.9999389175843,0.100016421435288,0.100009960820611,0.100006103001272
1.89031505250875,-0.0536451071686597,300.000009889181,100.000016614258,74.9999389186444,0.100016420071677,0.100009960028382,0.100006102533586
1.90031671945324,-0.0332551616457616,300.000009888531,100.000016612169,74.9999389195583,0.10001641886699,0.10000995932868,0.100006102120625
1.91031838639773,-0.0118709031993634,300.00000988798,100.000016610394,74.9999389203157,0.100016417846093,0.100009958735872,0.100006101770831
1.92032005334222,0.010354698069336,300.000009887537,100.00001660896,74.999938920914,0.100016417022887,0.100009958257966,0.100006101488893
1.93032172028671,0.0332671257462967,300.000009887202,100.000016607873,74.9999389213579,0.100016416400107,0.10000995789649,0.100006101275681
1.94032338723121,0.0567112706100714,300.00000988697,100.000016607121,74.9999389216591,0.100016415969732,0.100009957646738,0.100006101128394
1.9503250541757,0.0805323645774386,300.000009886832,100.000016606673,74.999938921835,0.100016415713982,0.100009957498351,0.100006101040899
1.96032672112019,0.10457689035307,300.000009886775,100.000016606485,74.9999389219074,0.100016415606837,0.100009957436195,0.100006101004256
1.97032838806468,0.128693462293794,300.00000988678,100.000016606501,74.9999389219014,0.100016415615969,0.100009957441491,0.100006101007377
1.98033005500917,0.152733674260251,300.000009886827,100.000016606657,74.9999389218434,0.100016415704964,0.100009957493099,0.100006101037792
1.99033172195366,0.176552910504971,300.000009886898,100.000016606888,74.9999389217596,0.100016415835697,0.100009957568898,0.100006101082459
2.00033338889815,0.200011115934765,300.00000988697,100.000016607126,74.9999389216747,0.100016415970697,0.100009957647159,0.100006101128568
2.01033505584264,0.22297352238518,300.000009887026,100.000016607312,74.99993892161,0.100016416075372,0.100009957707829,0.100006101164309
2.02033672278713,0.245311327854318,300.00000988705,100.000016607391,74.9999389215829,0.100016416119953,0.100009957733664,0.100006101179526
2.03033838973162,0.266902325960943,300.000009887029,100.000016607322,74.9999389216059,0.100016416081053,0.100009957711127,0.100006101166254
2.04034005667611,0.287631483216044,300.000009886955,100.000016607076,74.9999389216859,0.100016415942768,0.100009957631023,0.10000610111909
2.0503417236206,0.307391462026458,300.000009886824,100.000016606638,74.9999389218244,0.100016415697267,0.100009957488841,0.100006101035393
2.06034339056509,0.326083087682211,300.000009886635,100.000016606008,74.9999389220176,0.100016415344868,0.100009957284799,0.100006100915305
2.07034505750958,0.34361575791443,300.000009886394,100.000016605199,74.999938922257,0.100016414893633,0.100009957023599,0.100006100761615
2.08034672445408,0.359907793946618,300.000009886108,100.000016604238,74.9999389225299,0.10001641435852,0.100009956713939,0.100006100579461
2.09034839139857,0.374886732297173,300.000009885789,100.000016603159,74.9999389228211,0.100016413760186,0.100009956367814,0.100006100375921
2.10035005834306,0.38848955692384,300.000009885449,100.000016602007,74.999938923113,0.100016413123527,0.100009955999674,0.100006100159517
2.11035172528755,0.400662871629952,300.000009885105,100.00001660083,74.9999389233874,0.100016412476071,0.100009955625483,0.100006099939657
2.12035339223204,0.411363012976214,300.00000988477,100.000016599677,74.9999389236267,0.100016411846314,0.100009955261758,0.100006099726075
2.13035505917653,0.420556104259184,300.00000988446,100.0000165986,74.9999389238142,0.100016411262113,0.100009954924641,0.100006099528274
2.14035672612102,0.428218051427006,300.000009884189,100.000016597643,74.9999389239358,0.100016410749223,0.100009954629045,0.100006099355033
2.15035839306551,0.434334482103039,300.000009883969,100.000016596847,74.99993892398,0.100016410330043,0.10000995438793,0.100006099213975
2.16036006001,0.43890062917743,300.000009883809,100.000016596244,74.999938923939,0.100016410022624,0.100009954211731,0.100006099111232
2.17036172695449,0.44192116070421,300.000009883716,100.00001659586,74.9999389238085,0.100016409839979,0.100009954107961,0.100006099051213
2.18036339389898,0.443409958105835,300.000009883694,100.000016595707,74.9999389235878,0.100016409789708,0.100009954080986,0.100006099036471
2.19036506084347,0.4433898449371,300.000009883744,100.000016595791,74.99993892328,0.10001640987391,0.100009954131988,0.100006099067682
2.20036672778796,0.44189226869494,300.000009883865,100.000016596108,74.9999389228915,0.100016410089394,0.100009954259078,0.100006099143715
2.21036839473246,0.438956938378736,300.000009884052,100.000016596644,74.9999389224315,0.100016410428119,0.100009954457561,0.100006099261784
2.22037006167695,0.434631420706356,300.000009884299,100.000016597379,74.9999389219113,0.100016410877841,0.100009954720305,0.10000609941767
2.23037172862144,0.428970698073499,300.000009884596,100.000016598285,74.999938921344,0.100016411422903,0.100009955038208,0.100006099605994
2.24037339556593,0.422036691507078,300.000009884934,100.000016599332,74.9999389207439,0.100016412045128,0.100009955400707,0.100006099820523
2.25037506251042,0.413897752006696,300.000009885303,100.000016600484,74.9999389201255,0.100016412724742,0.100009955796322,0.100006100054481
2.26037672945491,0.404628123791209,300.000009885691,100.000016601707,74.9999389195031,0.100016413441303,0.10000995621319,0.100006100300874
2.2703783963994,0.39430738306931,300.000009886088,100.000016602964,74.9999389188901,0.100016414174575,0.100009956639575,0.100006100552783
2.28038006334389,0.383019856033747,300.000009886483,100.000016604221,74.9999389182989,0.10001641490532,0.100009957064321,0.100006100803634
2.29038173028838,0.370854019837835,300.000009886867,100.000016605449,74.99993891774,0.100016415615974,0.10000995747725,0.100006101047433
2.30038339723287,0.357901890350241,300.000009887231,100.000016606618,74.9999389172223,0.100016416291196,0.100009957869478,0.100006101278948
2.31038506417736,0.344258400499569,300.000009887569,100.000016607707,74.9999389167524,0.100016416918269,0.100009958233642,0.10000610149385
2.32038673112185,0.330020773014082,300.000009887876,100.000016608697,74.9999389163349,0.100016417487354,0.100009958564054,0.100006101688793
2.33038839806634,0.315287891334281,300.000009888148,100.000016609577,74.9999389159723,0.100016417991605,0.100009958856762,0.100006101861457
2.34039006501084,0.30015967242724,300.000009888382,100.000016610338,74.9999389156648,0.100016418427141,0.100009959109531,0.100006102010535
2.35039173195533,0.284736445162077,300.000009888579,100.000016610978,74.9999389154112,0.100016418792899,0.100009959321764,0.100006102135685
2.36039339889982,0.269118337816312,300.000009888739,100.0000166115,74.9999389152086,0.100016419090389,0.100009959494353,0.100006102237442
2.37039506584431,0.253404678173764,300.000009888864,100.000016611909,74.9999389150526,0.100016419323359,0.100009959629487,0.100006102317103
2.3803967327888,0.237693409546894,300.000009888958,100.000016612215,74.9999389149381,0.100016419497395,0.10000995973042,0.100006102376593
2.39039839973329,0.222080525911027,300.000009889023,100.00001661243,74.9999389148591,0.100016419619493,0.10000995980122,0.100006102418316
2.40040006667778,0.206659529175682,300.000009889065,100.000016612568,74.9999389148095,0.100016419697603,0.100009959846504,0.100006102444999
2.41040173362227,0.191520911440415,300.000009889088,100.000016612643,74.999938914783,0.100016419740173,0.10000995987118,0.100006102459537
2.42040340056676,0.176751664890312,300.000009889096,100.000016612671,74.9999389147735,0.100016419755727,0.100009959880195,0.100006102464847
2.43040506751125,0.162434821780892,300.000009889094,100.000016612665,74.9999389147754,0.100016419752468,0.100009959878306,0.100006102463735
2.44040673445574,0.148649026744982,300.000009889087,100.000016612639,74.9999389147839,0.100016419737936,0.100009959869888,0.100006102458778
2.45040840140023,0.135468143426567,300.000009889076,100.000016612605,74.9999389147949,0.100016419718731,0.100009959858764,0.100006102452229
2.46041006834472,0.122960897210124,300.000009889067,100.000016612572,74.9999389148051,0.100016419700302,0.100009959848092,0.100006102445948
2.47041173528921,0.111190555570125,300.000009889059,100.000016612548,74.9999389148123,0.10001641968681,0.100009959840281,0.100006102441351
2.48041340223371,0.100214647315675,300.000009889056,100.000016612538,74.9999389148153,0.100016419681067,0.100009959836958,0.100006102439396
2.4904150691782,0.0900847217513171,300.000009889058,100.000016612544,74.9999389148136,0.100016419684546,0.10000995983897,0.100006102440579
2.50041673612269,0.0808461485184068,300.000009889065,100.000016612567,74.9999389148076,0.10001641969746,0.100009959846439,0.10000610244497
2.51041840306718,0.0725379586238129,300.000009889076,100.000016612606,74.9999389147983,0.100016419718899,0.100009959858831,0.100006102452252
2.52042007001167,0.0651927269055121,300.000009889091,100.000016612658,74.9999389147873,0.100016419747017,0.100009959875074,0.100006102461792
2.53042173695616,0.0588364959296177,300.000009889109,100.000016612717,74.9999389147763,0.100016419779259,0.100009959893684,0.100006102472714
2.54042340390065,0.0534887410619587,300.000009889126,100.000016612779,74.9999389147676,0.10001641981261,0.100009959912913,0.100006102483987
2.55042507084514,0.0491623762110767,300.000009889143,100.000016612838,74.999938914763,0.100016419843857,0.100009959930897,0.100006102494514
2.56042673778963,0.0458637994998666,300.000009889156,100.000016612888,74.9999389147645,0.100016419869846,0.10000995994581,0.100006102503219
2.57042840473412,0.0435929778914733,300.000009889165,100.000016612925,74.9999389147734,0.100016419887724,0.100009959956,0.100006102509131
2.58043007167861,0.0423435695728003,300.000009889169,100.000016612944,74.999938914791,0.100016419895148,0.100009959960113,0.100006102511453
2.5904317386231,0.0421030826873644,300.000009889166,100.000016612941,74.9999389148176,0.100016419890456,0.10000995995719,0.100006102509623
2.60043340556759,0.0428530688094233,300.000009889156,100.000016612916,74.9999389148532,0.100016419872789,0.100009959946738,0.100006102503352
2.61043507251209,0.0445693493644012,300.000009889139,100.000016612869,74.9999389148972,0.100016419842154,0.100009959928766,0.100006102492651
2.62043673945658,0.0472222730276605,300.000009889115,100.000016612799,74.9999389149484,0.100016419799434,0.100009959903792,0.100006102477826
2.63043840640107,0.0507770019754892,300.000009889086,100.000016612711,74.999938915005,0.100016419746332,0.100009959872809,0.100006102459466
2.64044007334556,0.0551938247196168,300.000009889053,100.000016612609,74.9999389150649,0.100016419685271,0.100009959837227,0.100006102438403
2.65044174029005,0.0604284931302958,300.000009889017,100.000016612497,74.9999389151259,0.100016419619239,0.100009959798782,0.100006102415664
2.66044340723454,0.0664325811435792,300.000009888981,100.000016612382,74.9999389151853,0.100016419551598,0.100009959759425,0.100006102392398
2.67044507417903,0.0731538625563293,300.000009888945,100.000016612269,74.9999389152408,0.100016419485868,0.100009959721199,0.100006102369812
2.68044674112352,0.080536705238056,300.000009888913,100.000016612166,74.99993891529,0.1000164194255,0.100009959686107,0.100006102349085
2.69044840806801,0.088522479032109,300.000009888885,100.000016612076,74.9999389153311,0.100016419373651,0.100009959655977,0.100006102331295
2.7004500750125,0.0970499745801506,300.000009888863,100.000016612006,74.9999389153625,0.100016419332974,0.100009959632347,0.100006102317346
2.71045174195699,0.10605583028318,300.000009888848,100.000016611958,74.9999389153832,0.100016419305447,0.100009959616359,0.100006102307911
2.72045340890148,0.115474964609544,300.000009888841,100.000016611935,74.999938915393,0.100016419292231,0.100009959608686,0.100006102303383
2.73045507584597,0.125241010975087,300.000009888841,100.000016611937,74.999938915392,0.100016419293594,0.100009959609477,0.10000610230385
2.74045674279047,0.135286752452524,300.00000988885,100.000016611964,74.9999389153812,0.100016419308881,0.100009959618349,0.100006102309083
2.75045840973496,0.145544553615767,300.000009888865,100.000016612012,74.9999389153619,0.100016419336547,0.100009959634403,0.10000610231855
2.76046007667945,0.15594678688978,300.000009888885,100.000016612079,74.9999389153362,0.100016419374248,0.100009959656276,0.100006102331446
2.77046174362394,0.166426250856802,300.000009888909,100.000016612157,74.9999389153061,0.100016419418982,0.100009959682225,0.100006102346743
2.78046341056843,0.176916578064892,300.000009888935,100.000016612242,74.9999389152743,0.100016419467272,0.100009959710231,0.10000610236325
2.79046507751292,0.187352629993637,300.000009888961,100.000016612327,74.9999389152431,0.100016419515376,0.100009959738125,0.100006102379689
2.80046674445741,0.197670876953794,300.000009888984,100.000016612405,74.999938915215,0.100016419559522,0.10000995976372,0.10000610239477
2.8104684114019,0.207809760831527,300.000009889004,100.000016612469,74.9999389151921,0.100016419596134,0.100009959784942,0.100006102407274
2.82047007834639,0.21771003873269,300.000009889018,100.000016612515,74.9999389151762,0.100016419622052,0.100009959799964,0.100006102416122
2.83047174529088,0.22731510573724,300.000009889025,100.000016612538,74.9999389151686,0.100016419634726,0.100009959807308,0.100006102420447
2.84047341223537,0.236571295137117,300.000009889024,100.000016612534,74.99993891517,0.100016419632363,0.100009959805939,0.100006102419641
2.85047507917986,0.245428154701652,300.000009889014,100.000016612501,74.9999389151805,0.100016419614041,0.100009959795327,0.100006102413394
2.86047674612435,0.253838697691553,300.000009888995,100.00001661244,74.9999389151995,0.100016419579759,0.100009959775475,0.100006102401709
2.87047841306884,0.261759627524429,300.000009888969,100.000016612351,74.9999389152261,0.100016419530435,0.10000995974692,0.100006102384905
2.88048008001334,0.269151535180514,300.000009888936,100.000016612239,74.9999389152585,0.100016419467856,0.100009959710702,0.100006102363598
2.89048174695783,0.275979068625424,300.000009888896,100.000016612107,74.9999389152949,0.100016419394574,0.100009959668304,0.100006102338663
2.90048341390232,0.28221107371611,300.000009888853,100.000016611961,74.9999389153328,0.100016419313765,0.100009959621569,0.100006102311186
2.91048508084681,0.287820706245574,300.000009888808,100.000016611807,74.9999389153699,0.100016419229052,0.100009959572601,0.10000610228241
2.9204867477913,0.292785514969979,300.000009888763,100.000016611653,74.9999389154035,0.100016419144317,0.100009959523649,0.100006102253658
2.93048841473579,0.297087495647503,300.00000988872,100.000016611504,74.9999389154311,0.100016419063496,0.100009959476996,0.100006102226277
2.94049008168028,0.300713116300343,300.000009888682,100.000016611368,74.9999389154507,0.100016418990385,0.10000995943484,0.10000610220156
2.95049174862477,0.303653314088725,300.000009888649,100.000016611251,74.9999389154603,0.100016418928456,0.100009959399193,0.100006102180692
2.96049341556926,0.305903464357402,300.000009888624,100.000016611159,74.9999389154583,0.100016418880702,0.100009959371784,0.10000610216469
2.97049508251375,0.30746332258004,300.000009888608,100.000016611095,74.9999389154438,0.100016418849506,0.100009959353993,0.100006102154363
2.98049674945824,0.308336940084117,300.000009888602,100.000016611063,74.9999389154164,0.100016418836557,0.100009959346793,0.100006102150283
2.99049841640273,0.308532554587627,300.000009888606,100.000016611065,74.9999389153759,0.100016418842792,0.100009959350721,0.100006102152765
3.00050008334722,0.308062456718182,300.00000988862,100.000016611101,74.9999389153228,0.100016418868388,0.100009959365877,0.100006102161863
3.01050175029172,0.306942833814347,300.000009888645,100.00001661117,74.9999389152583,0.100016418912789,0.100009959391931,0.100006102177381
3.02050341723621,0.305193592427552,300.000009888679,100.000016611271,74.9999389151835,0.10001641897476,0.100009959428163,0.100006102198891
3.0305050841807,0.302838161050166,300.000009888721,100.000016611399,74.9999389151003,0.100016419052474,0.100009959473509,0.100006102225764
3.04050675112519,0.29990327469079,300.000009888771,100.000016611552,74.9999389150106,0.100016419143625,0.100009959526628,0.100006102257209
3.05050841806968,0.296418743001167,300.000009888826,100.000016611725,74.9999389149163,0.100016419245545,0.100009959585971,0.10000610229231
3.06051008501417,0.292417203730013,300.000009888886,100.000016611912,74.9999389148197,0.100016419355338,0.100009959649855,0.100006102330075
3.07051175195866,0.28793386333725,300.000009888948,100.000016612108,74.9999389147228,0.100016419470011,0.100009959716544,0.100006102369479
3.08051341890315,0.283006226647635,300.000009889011,100.000016612308,74.9999389146276,0.100016419586595,0.100009959784316,0.100006102409508
3.09051508584764,0.277673817455298,300.000009889074,100.000016612508,74.9999389145359,0.100016419702263,0.100009959851532,0.100006102449197
3.10051675279213,0.271977892010568,300.000009889134,100.000016612702,74.9999389144494,0.100016419814429,0.100009959916693,0.100006102487661
3.11051841973662,0.265961147327591,300.000009889191,100.000016612887,74.9999389143692,0.100016419920824,0.100009959978484,0.100006102524128
3.12052008668111,0.259667426245886,300.000009889245,100.000016613058,74.9999389142964,0.100016420019558,0.100009960035812,0.100006102557953
3.1305217536256,0.253141421161529,300.000009889293,100.000016613215,74.9999389142316,0.100016420109157,0.100009960087825,0.100006102588636
3.1405234205701,0.246428378314263,300.000009889336,100.000016613353,74.9999389141753,0.100016420188577,0.100009960133919,0.100006102615823
3.15052508751459,0.239573804476114,300.000009889373,100.000016613473,74.9999389141276,0.100016420257205,0.100009960173743,0.100006102639306
3.16052675445908,0.232623177835414,300.000009889404,100.000016613574,74.9999389140882,0.100016420314834,0.100009960207177,0.10000610265902
3.17052842140357,0.225621664808102,300.000009889429,100.000016613657,74.9999389140568,0.100016420361629,0.100009960234322,0.100006102675021
3.18053008834806,0.218613844436388,300.000009889448,100.000016613721,74.9999389140327,0.100016420398077,0.10000996025546,0.100006102687481
3.19053175529255,0.211643441953943,300.000009889463,100.000016613768,74.9999389140153,0.100016420424934,0.100009960271034,0.100006102696659
3.20053342223704,0.204753073007501,300.000009889473,100.0000166138,74.9999389140037,0.100016420443157,0.100009960281599,0.100006102702884
3.21053508918153,0.197983999927782,300.000009889478,100.000016613819,74.999938913997,0.10001642045385,0.100009960287797,0.100006102706536
3.22053675612602,0.191375901338784,300.000009889481,100.000016613827,74.9999389139944,0.100016420458193,0.100009960290314,0.100006102708018
3.23053842307051,0.184966656284593,300.00000988948,100.000016613825,74.9999389139949,0.10001642045739,0.100009960289849,0.100006102707745
3.240540090015,0.178792143937633,300.000009889478,100.000016613817,74.9999389139977,0.100016420452617,0.100009960287084,0.100006102706117
3.25054175695949,0.172886059832705,300.000009889474,100.000016613803,74.999938914002,0.100016420444978,0.10000996028266,0.100006102703512
3.26054342390398,0.167279749448016,300.000009889469,100.000016613786,74.9999389140073,0.10001642043547,0.100009960277154,0.100006102700271
3.27054509084847,0.1620020598285,300.000009889463,100.000016613767,74.9999389140129,0.100016420424961,0.10000996027107,0.100006102696691
3.28054675779297,0.157079209819088,300.000009889457,100.000016613748,74.9999389140185,0.100016420414173,0.100009960264826,0.100006102693018
3.29054842473746,0.152534679346857,300.000009889452,100.000016613729,74.9999389140237,0.100016420403679,0.100009960258755,0.100006102689447
3.30055009168195,0.148389118062169,300.000009889446,100.000016613712,74.9999389140283,0.100016420393907,0.100009960253104,0.100006102686125
3.31055175862644,0.144660273520748,300.000009889442,100.000016613696,74.9999389140321,0.10001642038515,0.100009960248042,0.10000610268315
3.32055342557093,0.141362938961939,300.000009889438,100.000016613682,74.9999389140351,0.100016420377582,0.100009960243669,0.100006102680582
3.33055509251542,0.138508920613976,300.000009889434,100.00001661367,74.9999389140372,0.100016420371279,0.100009960240031,0.100006102678447
3.34055675945991,0.136107024335621,300.000009889432,100.000016613661,74.9999389140386,0.100016420366244,0.100009960237128,0.100006102676745
3.3505584264044,0.134163061285804,300.00000988943,100.000016613654,74.9999389140391,0.10001642036243,0.100009960234933,0.10000610267546
3.36056009334889,0.132679872199529,300.000009889428,100.000016613648,74.999938914039,0.100016420359763,0.100009960233402,0.100006102674566
3.37056176029338,0.13165736973993,300.000009889427,100.000016613645,74.9999389140382,0.10001642035816,0.100009960232489,0.100006102674036
3.38056342723787,0.131092598293583,300.000009889427,100.000016613644,74.9999389140368,0.10001642035755,0.100009960232151,0.100006102673845
3.39056509418236,0.130979810479519,300.000009889427,100.000016613644,74.9999389140348,0.100016420357887,0.100009960232361,0.100006102673977
3.40056676112685,0.13131055955231,300.000009889428,100.000016613646,74.9999389140323,0.100016420359153,0.10000996023311,0.100006102674426
3.41056842807135,0.132073806796569,300.000009889429,100.000016613649,74.9999389140291,0.100016420361364,0.100009960234407,0.100006102675199
3.42057009501584,0.133256042934591,300.000009889431,100.000016613654,74.9999389140253,0.100016420364567,0.10000996023628,0.100006102676311
3.43057176196033,0.134841422500969,300.000009889433,100.000016613661,74.9999389140207,0.100016420368836,0.100009960238771,0.100006102677787
3.44057342890482,0.136811910078132,300.000009889436,100.00001661367,74.9999389140154,0.100016420374257,0.100009960241929,0.100006102679656
3.45057509584931,0.139147437235076,300.00000988944,100.000016613682,74.9999389140092,0.100016420380916,0.100009960245806,0.100006102681949
3.4605767627938,0.14182606896824,300.000009889444,100.000016613695,74.9999389140022,0.100016420388889,0.100009960250445,0.100006102684692
3.47057842973829,0.144824178408625,300.000009889449,100.000016613711,74.9999389139943,0.100016420398222,0.100009960255873,0.100006102687899
3.48058009668278,0.148116628532875,300.000009889455,100.00001661373,74.9999389139856,0.100016420408921,0.100009960262092,0.100006102691572
3.49058176362727,0.151676959598213,300.000009889462,100.00001661375,74.9999389139761,0.100016420420939,0.100009960269076,0.100006102695695
3.50058343057176,0.155477581011608,300.000009889469,100.000016613773,74.9999389139659,0.100016420434167,0.10000996027676,0.100006102700232
3.51058509751625,0.159489966342453,300.000009889476,100.000016613798,74.9999389139552,0.100016420448431,0.100009960285045,0.10000610270512
3.52058676446074,0.163684850194971,300.000009889485,100.000016613824,74.9999389139441,0.100016420463491,0.100009960293789,0.10000610271028
3.53058843140523,0.168032425671476,300.000009889493,100.000016613851,74.9999389139329,0.100016420479044,0.100009960302817,0.100006102715606
3.54059009834973,0.17250254118016,300.000009889501,100.000016613879,74.9999389139218,0.100016420494735,0.100009960311924,0.100006102720977
3.55059176529422,0.177064895370963,300.00000988951,100.000016613906,74.999938913911,0.100016420510169,0.10000996032088,0.100006102726258
3.56059343223871,0.181689229019988,300.000009889518,100.000016613932,74.999938913901,0.100016420524924,0.10000996032944,0.100006102731305
3.5705950991832,0.186345512726427,300.000009889525,100.000016613956,74.9999389138918,0.100016420538576,0.100009960337359,0.100006102735973
3.58059676612769,0.191004129335726,300.000009889531,100.000016613977,74.9999389138838,0.100016420550711,0.100009960344397,0.100006102740121
3.59059843307218,0.195636050058182,300.000009889537,100.000016613995,74.9999389138772,0.100016420560952,0.100009960350335,0.100006102743621
3.60060010001667,0.200213003312967,300.000009889541,100.000016614009,74.9999389138721,0.100016420568973,0.100009960354985,0.100006102746361
3.61060176696116,0.204707635393179,300.000009889544,100.000016614019,74.9999389138687,0.100016420574521,0.100009960358201,0.100006102748256
3.62060343390565,0.209093662117363,300.000009889546,100.000016614024,74.9999389138669,0.100016420577424,0.100009960359884,0.100006102749247
3.63060510085014,0.213346010706625,300.000009889546,100.000016614024,74.9999389138668,0.100016420577609,0.100009960359991,0.10000610274931
3.64060676779463,0.217440951203278,300.000009889545,100.00001661402,74.9999389138682,0.1000164205751,0.100009960358537,0.100006102748454
3.65060843473912,0.221356216826505,300.000009889542,100.000016614011,74.9999389138711,0.100016420570025,0.100009960355598,0.100006102746724
3.66061010168361,0.225071112742139,300.000009889538,100.000016613998,74.9999389138752,0.100016420562611,0.100009960351305,0.100006102744197
3.6706117686281,0.228566612806859,300.000009889533,100.000016613981,74.9999389138803,0.100016420553174,0.100009960345842,0.100006102740982
3.6806134355726,0.231825443931301,300.000009889527,100.000016613961,74.999938913886,0.100016420542107,0.100009960339437,0.100006102737214
3.69061510251709,0.234832157791205,300.00000988952,100.000016613939,74.9999389138921,0.100016420529868,0.100009960332356,0.10000610273305
3.70061676946158,0.237573189700333,300.000009889514,100.000016613916,74.9999389138981,0.100016420516957,0.100009960324889,0.10000610272866
3.71061843640607,0.240036904542796,300.000009889507,100.000016613892,74.9999389139038,0.100016420503896,0.10000996031734,0.100006102724224
3.72062010335056,0.242213629745306,300.0000098895,100.000016613869,74.9999389139087,0.100016420491212,0.100009960310013,0.10000610271992
3.73062177029505,0.244095675351065,300.000009889494,100.000016613847,74.9999389139127,0.100016420479413,0.100009960303202,0.100006102715923
3.74062343723954,0.245677341336156,300.000009889488,100.000016613828,74.9999389139154,0.10001642046897,0.100009960297182,0.100006102712394
3.75062510418403,0.246954912385894,300.000009889484,100.000016613811,74.9999389139167,0.100016420460301,0.100009960292192,0.100006102709474
3.76062677112852,0.247926640422218,300.00000988948,100.000016613798,74.9999389139163,0.100016420453752,0.100009960288435,0.100006102707281
3.77062843807301,0.248592715243523,300.000009889478,100.00001661379,74.9999389139141,0.100016420449593,0.100009960286065,0.100006102705906
3.7806301050175,0.248955223704852,300.000009889477,100.000016613786,74.9999389139101,0.100016420448005,0.100009960285187,0.100006102705411
3.79063177196199,0.249018097928888,300.000009889478,100.000016613786,74.9999389139044,0.100016420449079,0.100009960285853,0.100006102705827
3.80063343890648,0.248787053096334,300.00000988948,100.000016613792,74.999938913897,0.100016420452814,0.100009960288062,0.100006102707151
3.81063510585098,0.248269515417736,300.000009889484,100.000016613802,74.999938913888,0.100016420459124,0.100009960291763,0.100006102709355
3.82063677279547,0.247474540937489,300.000009889488,100.000016613816,74.9999389138776,0.100016420467844,0.10000996029686,0.10000610271238
3.83063843973996,0.246412725864297,300.000009889494,100.000016613834,74.999938913866,0.100016420478738,0.100009960303216,0.100006102716147
3.84064010668445,0.245096109160721,300.000009889501,100.000016613855,74.9999389138535,0.100016420491513,0.10000996031066,0.100006102720553
3.85064177362894,0.24353806815743,300.000009889509,100.00001661388,74.9999389138403,0.100016420505831,0.100009960318996,0.100006102725484
3.86064344057343,0.241753207985261,300.000009889517,100.000016613906,74.9999389138268,0.100016420521324,0.100009960328011,0.100006102730812
3.87064510751792,0.239757245640287,300.000009889526,100.000016613934,74.999938913813,0.100016420537608,0.100009960337481,0.100006102736407
3.88064677446241,0.237566889513503,300.000009889535,100.000016613963,74.9999389137995,0.100016420554298,0.100009960347182,0.100006102742137
3.8906484414069,0.235199715227785,300.000009889544,100.000016613991,74.9999389137862,0.100016420571018,0.100009960356898,0.100006102747874
3.90065010835139,0.232674038630245,300.000009889553,100.00001661402,74.9999389137736,0.100016420587417,0.100009960366424,0.100006102753497
3.91065177529588,0.230008786788262,300.000009889562,100.000016614047,74.9999389137618,0.100016420603175,0.100009960375576,0.100006102758898
3.92065344224037,0.227223367832298,300.00000988957,100.000016614073,74.9999389137509,0.100016420618014,0.100009960384192,0.100006102763981
3.93065510918486,0.22433754047834,300.000009889577,100.000016614097,74.999938913741,0.1000164206317,0.100009960392137,0.100006102768668
3.94065677612935,0.221371284047577,300.000009889584,100.000016614118,74.9999389137322,0.100016420644051,0.100009960399305,0.100006102772896
3.95065844307385,0.218344669780916,300.000009889589,100.000016614137,74.9999389137247,0.100016420654935,0.10000996040562,0.10000610277662
3.96066011001834,0.215277734221397,300.000009889594,100.000016614154,74.9999389137183,0.10001642066427,0.100009960411036,0.100006102779813
3.97066177696283,0.212190355408764,300.000009889599,100.000016614167,74.9999389137131,0.100016420672025,0.100009960415534,0.100006102782465
3.98066344390732,0.209102132597582,300.000009889602,100.000016614178,74.999938913709,0.100016420678211,0.100009960419122,0.100006102784579
3.99066511085181,0.206032270173722,300.000009889604,100.000016614187,74.999938913706,0.10001642068288,0.100009960421829,0.100006102786175
4.0006667777963,0.202999466404021,300.000009889606,100.000016614192,74.999938913704,0.100016420686118,0.100009960423707,0.100006102787281
4.01066844474079,0.200021807610806,300.000009889607,100.000016614196,74.9999389137028,0.10001642068804,0.100009960424821,0.100006102787938
4.02067011168528,0.197116668317089,300.000009889608,100.000016614197,74.9999389137023,0.100016420688781,0.10000996042525,0.10000610278819
4.03067177862977,0.194300617859892,300.000009889608,100.000016614196,74.9999389137025,0.100016420688491,0.100009960425082,0.100006102788092
4.04067344557426,0.19158933391875,300.000009889607,100.000016614194,74.9999389137032,0.100016420687331,0.10000996042441,0.100006102787696
4.05067511251875,0.188997523354324,300.000009889606,100.000016614191,74.9999389137043,0.100016420685462,0.100009960423328,0.100006102787059
4.06067677946324,0.186538850698496,300.000009889605,100.000016614187,74.9999389137056,0.100016420683047,0.100009960421929,0.100006102786235
4.07067844640773,0.184225874582843,300.000009889603,100.000016614182,74.9999389137071,0.100016420680241,0.100009960420305,0.10000610278528
4.08068011335223,0.182069992337178,300.000009889601,100.000016614176,74.9999389137087,0.100016420677192,0.10000996041854,0.100006102784241
4.09068178029672,0.180081392934402,300.0000098896,100.000016614171,74.9999389137102,0.100016420674034,0.100009960416713,0.100006102783167
4.10068344724121,0.178269018402475,300.000009889598,100.000016614165,74.9999389137117,0.10001642067089,0.100009960414895,0.100006102782098
4.1106851141857,0.176640533769309,300.000009889596,100.000016614159,74.999938913713,0.100016420667869,0.100009960413149,0.100006102781072
4.12068678113019,0.175202305552081,300.000009889595,100.000016614154,74.9999389137141,0.100016420665064,0.100009960411529,0.10000610278012
4.13068844807468,0.173959388749231,300.000009889594,100.00001661415,74.9999389137149,0.100016420662554,0.10000996041008,0.10000610277927
4.14069011501917,0.172915522241522,300.000009889593,100.000016614146,74.9999389137155,0.100016420660406,0.100009960408841,0.100006102778544
4.15069178196366,0.172073132458288,300.000009889592,100.000016614142,74.9999389137157,0.10001642065867,0.100009960407843,0.10000610277796
4.16069344890815,0.171433345116713,300.000009889591,100.00001661414,74.9999389137157,0.100016420657389,0.100009960407107,0.100006102777531
4.17069511585264,0.170996004795837,300.000009889591,100.000016614138,74.9999389137152,0.100016420656591,0.100009960406653,0.100006102777267
4.18069678279713,0.170759702063293,300.00000988959,100.000016614137,74.9999389137145,0.100016420656295,0.100009960406489,0.100006102777175
4.19069844974162,0.17072180783174,300.000009889591,100.000016614138,74.9999389137134,0.10001642065651,0.100009960406623,0.100006102777258
4.20070011668611,0.170878514583736,300.000009889591,100.000016614139,74.9999389137119,0.100016420657239,0.100009960407053,0.100006102777516
4.21070178363061,0.17122488406862,300.000009889592,100.000016614141,74.9999389137102,0.100016420658472,0.100009960407777,0.100006102777947
4.2207034505751,0.171754901042975,300.000009889593,100.000016614143,74.9999389137081,0.100016420660195,0.100009960408784,0.100006102778545
4.23070511751959,0.172461532597554,300.000009889594,100.000016614147,74.9999389137058,0.100016420662385,0.100009960410061,0.100006102779302
4.24070678446408,0.173336792588257,300.000009889595,100.000016614151,74.9999389137032,0.100016420665011,0.100009960411592,0.100006102780207
4.25070845140857,0.174371810667035,300.000009889597,100.000016614157,74.9999389137004,0.100016420668036,0.100009960413353,0.100006102781249
4.26071011835306,0.175556905390343,300.000009889599,100.000016614162,74.9999389136975,0.100016420671413,0.100009960415318,0.10000610278241
4.27071178529755,0.176881660868239,300.000009889601,100.000016614169,74.9999389136944,0.100016420675092,0.100009960417457,0.100006102783674
4.28071345224204,0.178335006406223,300.000009889603,100.000016614175,74.9999389136912,0.100016420679012,0.100009960419736,0.10000610278502
4.29071511918653,0.179905298584586,300.000009889605,100.000016614182,74.999938913688,0.10001642068311,0.100009960422117,0.100006102786426
4.30071678613102,0.181580405216308,300.000009889607,100.00001661419,74.9999389136847,0.100016420687317,0.10000996042456,0.100006102787869
4.31071845307551,0.183347790624286,300.00000988961,100.000016614197,74.9999389136815,0.100016420691558,0.100009960427024,0.100006102789322
4.32072012002,0.185194601681975,300.000009889612,100.000016614204,74.9999389136784,0.100016420695759,0.100009960429463,0.100006102790762
4.33072178696449,0.187107754068139,300.000009889614,100.000016614211,74.9999389136755,0.100016420699844,0.100009960431834,0.10000610279216
4.34072345390898,0.189074018196302,300.000009889616,100.000016614218,74.9999389136727,0.100016420703738,0.100009960434094,0.100006102793493
4.35072512085348,0.191080104292545,300.000009889618,100.000016614225,74.9999389136702,0.10001642070737,0.100009960436202,0.100006102794736
4.36072678779797,0.193112746111303,300.00000988962,100.00001661423,74.9999389136679,0.100016420710672,0.100009960438118,0.100006102795866
4.37072845474246,0.195158782797725,300.000009889621,100.000016614236,74.999938913666,0.100016420713587,0.100009960439808,0.100006102796862
4.38073012168695,0.197205238426623,300.000009889623,100.00001661424,74.9999389136644,0.100016420716065,0.100009960441245,0.100006102797709
4.39073178863144,0.199239398772095,300.000009889624,100.000016614243,74.9999389136631,0.100016420718066,0.100009960442406,0.100006102798393
4.40073345557593,0.201248884888122,300.000009889625,100.000016614246,74.9999389136621,0.100016420719565,0.100009960443275,0.100006102798905
4.41073512252042,0.203221723108816,300.000009889625,100.000016614248,74.9999389136615,0.100016420720549,0.100009960443845,0.100006102799241
4.42073678946491,0.205146411107139,300.000009889625,100.000016614249,74.9999389136612,0.100016420721019,0.100009960444117,0.100006102799401
4.4307384564094,0.207011979682726,300.000009889625,100.000016614249,74.9999389136612,0.100016420720989,0.1000099604441,0.100006102799391
4.44074012335389,0.20880804998265,300.000009889625,100.000016614248,74.9999389136615,0.100016420720489,0.100009960443811,0.100006102799221
4.45074179029838,0.21052488589329,300.000009889625,100.000016614246,74.999938913662,0.100016420719561,0.100009960443273,0.100006102798904
4.46074345724287,0.21215344137675,300.000009889624,100.000016614244,74.9999389136628,0.100016420718259,0.100009960442519,0.100006102798461
4.47074512418736,0.213685402561244,300.000009889623,100.000016614241,74.9999389136636,0.100016420716647,0.100009960441586,0.100006102797911
4.48074679113186,0.215113224431236,300.000009889622,100.000016614238,74.9999389136646,0.100016420714796,0.100009960440515,0.100006102797281
4.49074845807635,0.216430161999779,300.000009889621,100.000016614234,74.9999389136656,0.100016420712784,0.100009960439351,0.100006102796597
4.50075012502084,0.21763029588207,300.00000988962,100.00001661423,74.9999389136666,0.100016420710693,0.100009960438141,0.100006102795886
4.51075179196533,0.218708552225613,300.000009889619,100.000016614226,74.9999389136675,0.100016420708603,0.100009960436933,0.100006102795176
4.52075345890982,0.219660716988276,300.000009889618,100.000016614223,74.9999389136682,0.100016420706594,0.100009960435773,0.100006102794494
4.53075512585431,0.220483444590731,300.000009889617,100.000016614219,74.9999389136689,0.100016420704741,0.100009960434704,0.100006102793867
4.5407567927988,0.221174261004137,300.000009889616,100.000016614216,74.9999389136693,0.100016420703114,0.100009960433765,0.100006102793317
4.55075845974329,0.221731561367151,300.000009889615,100.000016614214,74.9999389136695,0.100016420701772,0.100009960432993,0.100006102792865
4.56076012668778,0.222154602258386,300.000009889614,100.000016614212,74.9999389136694,0.100016420700764,0.100009960432415,0.100006102792527
4.57076179363227,0.222443488780994,300.000009889614,100.00001661421,74.9999389136691,0.10001642070013,0.100009960432053,0.100006102792318
4.58076346057676,0.222599156645031,300.000009889614,100.00001661421,74.9999389136684,0.100016420699894,0.100009960431923,0.100006102792245
4.59076512752125,0.222623349460507,300.000009889614,100.00001661421,74.9999389136675,0.100016420700071,0.100009960432033,0.100006102792313
4.60076679446574,0.222518591479394,300.000009889614,100.000016614211,74.9999389136664,0.100016420700662,0.100009960432382,0.100006102792522
4.61076846141023,0.22228815604823,300.000009889615,100.000016614212,74.999938913665,0.100016420701655,0.100009960432964,0.100006102792869
4.62077012835473,0.221936030054244,300.000009889616,100.000016614215,74.9999389136633,0.100016420703027,0.100009960433766,0.100006102793345
4.63077179529922,0.221466874667028,300.000009889617,100.000016614217,74.9999389136615,0.100016420704746,0.100009960434769,0.100006102793939
4.64077346224371,0.220885982694605,300.000009889618,100.000016614221,74.9999389136595,0.100016420706771,0.100009960435949,0.100006102794637
4.6507751291882,0.220199232887259,300.000009889619,100.000016614225,74.9999389136574,0.100016420709053,0.100009960437278,0.100006102795423
4.66077679613269,0.219413041534659,300.00000988962,100.000016614229,74.9999389136553,0.10001642071154,0.100009960438725,0.100006102796279
4.67077846307718,0.218534311711568,300.000009889622,100.000016614233,74.999938913653,0.100016420714175,0.100009960440257,0.100006102797184
4.68078013002167,0.217570380534791,300.000009889623,100.000016614238,74.9999389136508,0.100016420716901,0.100009960441841,0.10000610279812
4.69078179696616,0.216528964798997,300.000009889625,100.000016614243,74.9999389136486,0.100016420719658,0.100009960443444,0.100006102799066
4.70078346391065,0.215418105361628,300.000009889626,100.000016614248,74.9999389136465,0.100016420722393,0.100009960445032,0.100006102800004
4.71078513085514,0.214246110647349,300.000009889628,100.000016614252,74.9999389136446,0.100016420725052,0.100009960446577,0.100006102800915
4.72078679779963,0.213021499640441,300.000009889629,100.000016614257,74.9999389136427,0.100016420727588,0.100009960448049,0.100006102801784
4.73078846474412,0.211752944729225,300.00000988963,100.000016614261,74.999938913641,0.100016420729961,0.100009960449426,0.100006102802596
4.74079013168862,0.210449214760145,300.000009889631,100.000016614265,74.9999389136394,0.100016420732134,0.100009960450688,0.10000610280334
4.75079179863311,0.20911911865056,300.000009889633,100.000016614268,74.9999389136381,0.10001642073408,0.100009960451817,0.100006102804006
4.7607934655776,0.207771449898767,300.000009889633,100.000016614271,74.9999389136369,0.100016420735778,0.100009960452802,0.100006102804587
4.77079513252209,0.206414932317311,300.000009889634,100.000016614273,74.999938913636,0.100016420737215,0.100009960453636,0.100006102805078
4.78079679946658,0.205058167301477,300.000009889635,100.000016614276,74.9999389136352,0.100016420738386,0.100009960454315,0.100006102805478
4.79079846641107,0.203709582928946,300.000009889635,100.000016614277,74.9999389136346,0.10001642073929,0.100009960454839,0.100006102805787
4.80080013335556,0.202377385169295,300.000009889636,100.000016614278,74.9999389136342,0.100016420739936,0.100009960455213,0.100006102806008
4.81080180030005,0.201069511463226,300.000009889636,100.000016614279,74.999938913634,0.100016420740335,0.100009960455445,0.100006102806144
4.82080346724454,0.199793586911464,300.000009889636,100.000016614279,74.9999389136339,0.100016420740506,0.100009960455544,0.100006102806203
4.83080513418903,0.198556883292196,300.000009889636,100.000016614279,74.9999389136339,0.10001642074047,0.100009960455523,0.100006102806191
4.84080680113352,0.197366281103928,300.000009889636,100.000016614279,74.999938913634,0.100016420740253,0.100009960455397,0.100006102806116
4.85080846807801,0.196228234807889,300.000009889636,100.000016614278,74.9999389136342,0.100016420739881,0.100009960455182,0.10000610280599
4.8608101350225,0.195148741420694,300.000009889635,100.000016614277,74.9999389136345,0.100016420739383,0.100009960454894,0.10000610280582
4.87081180196699,0.194133312584186,300.000009889635,100.000016614276,74.9999389136348,0.100016420738789,0.10000996045455,0.100006102805618
4.88081346891149,0.193186950215163,300.000009889635,100.000016614275,74.9999389136352,0.100016420738129,0.100009960454168,0.100006102805393
4.89081513585598,0.192314125813455,300.000009889634,100.000016614274,74.9999389136355,0.10001642073743,0.100009960453764,0.100006102805155
4.90081680280047,0.191518763482487,300.000009889634,100.000016614272,74.9999389136358,0.100016420736722,0.100009960453354,0.100006102804914
4.91081846974496,0.190804226692351,300.000009889634,100.000016614271,74.9999389136361,0.100016420736028,0.100009960452953,0.100006102804679
4.92082013668945,0.190173308791566,300.000009889633,100.00001661427,74.9999389136364,0.100016420735375,0.100009960452575,0.100006102804457
4.93082180363394,0.189628227250312,300.000009889633,100.000016614269,74.9999389136366,0.100016420734782,0.100009960452233,0.100006102804256
4.94082347057843,0.18917062159513,300.000009889633,100.000016614268,74.9999389136367,0.100016420734268,0.100009960451937,0.100006102804082
4.95082513752292,0.188801554972984,300.000009889633,100.000016614267,74.9999389136368,0.100016420733849,0.100009960451696,0.100006102803941
4.96082680446741,0.188521519261287,300.000009889632,100.000016614267,74.9999389136367,0.100016420733537,0.100009960451517,0.100006102803837
4.9708284714119,0.18833044362022,300.000009889632,100.000016614266,74.9999389136366,0.100016420733342,0.100009960451406,0.100006102803773
4.98083013835639,0.188227706364383,300.000009889632,100.000016614266,74.9999389136365,0.100016420733271,0.100009960451366,0.10000610280375
4.99083180530088,0.18821215001271,300.000009889632,100.000016614266,74.9999389136362,0.100016420733326,0.1000099604514,0.100006102803772
5.00083347224537,0.18828209935874,300.000009889632,100.000016614266,74.9999389136358,0.100016420733508,0.100009960451508,0.100006102803836
5.01083513918987,0.188435382387759,300.000009889633,100.000016614267,74.9999389136355,0.100016420733741,0.100009960451645,0.100006102803917
5.02083680613436,0.188665737654838,300.000009889631,100.000016614263,74.9999389136368,0.100016420731755,0.100009960450507,0.100006102803254
5.03083847307885,0.188913627086543,300.000009889631,100.000016614262,74.9999389136445,0.100016420731047,0.100009960449999,0.100006102802903
5.04084014002334,0.188787345686703,300.000009889631,100.000016614267,74.9999389136369,0.100016420729499,0.100009960449342,0.100006102802644
5.05084180696783,0.188364303563061,300.000009889632,100.000016614264,74.9999389136167,0.100016420730611,0.100009960450153,0.10000610280321
5.06084347391232,0.196564699616421,300.000009889536,100.000016614011,74.9999389139188,0.10001642055971,0.100009960349409,0.100006102742966
5.07084514085681,0.213088794123155,300.000009889068,100.00001661267,74.999938915072,0.100016419711755,0.100009959852517,0.100006102447378
5.0808468078013,0.237686783996851,300.000009887756,100.00001660876,74.9999389178489,0.100016417316598,0.10000995845314,0.100006101617111
5.09084847474579,0.270049294152153,300.000009884856,100.000016599918,74.9999389233702,0.100016411998148,0.100009955351395,0.100006099779746
5.10085014169028,0.309725219545207,300.000009879271,100.000016582623,74.9999389331851,0.100016401723993,0.100009949366813,0.10000609623857
5.11085180863477,0.356137032820461,300.000009869521,100.000016552076,74.9999389492556,0.100016383741012,0.1000099389015,0.100006090051132
5.12085347557926,0.408594221763227,300.00000985384,100.000016502504,74.999938973732,0.10001635476651,0.100009922051831,0.100006080095522
5.13085514252375,0.466307155359632,300.000009830552,100.000016428328,74.9999390083819,0.100016311668674,0.100009897004123,0.100006065304136
5.14085680946824,0.528401801875361,300.000009798809,100.000016326553,74.9999390535942,0.100016252839202,0.100009862831458,0.100006045133733
5.15085847641274,0.593935051329441,300.000009759664,100.000016200313,74.9999391070952,0.100016180203795,0.100009820659276,0.100006020252232
5.16086014335723,0.661910424387844,300.000009717145,100.00001606244,74.9999391629246,0.100016101214559,0.10000977481834,0.100005993216929
5.17086181030172,0.731293952054551,300.00000967847,100.000015936379,74.9999392117088,0.100016029287009,0.100009733093332,0.100005968618449
5.18086347724621,0.801030013041188,300.000009652244,100.000015850456,74.9999392434582,0.100015980457476,0.100009704779241,0.100005951932482
5.1908651441907,0.870056922302678,300.000009643685,100.00001582228,74.9999392534033,0.100015964505799,0.100009695533251,0.10000594648562
5.20086681113519,0.937322074608803,300.000009647395,100.000015834576,74.9999392493476,0.100015971430243,0.100009699544575,0.100005948847514
5.21086847807968,1.00179646088375,300.0000096407,100.000015812219,74.9999392561612,0.10001595891278,0.100009692297694,0.100005944582881
5.22087014502417,1.06248839188244,300.000009582973,100.000015618293,74.9999393113814,0.100015850843708,0.100009629763154,0.100005907799215
5.23087181196866,1.1184562829089,300.000009426,100.000015086617,74.9999394482448,0.100015556443198,0.10000945952457,0.100005807724958
5.24087347891315,1.16882037395123,300.000009135478,100.000014092297,74.9999396700037,0.10001501030328,0.100009143994327,0.100005622389374
5.25087514585764,1.21277328103747,300.000008715387,100.000012634274,74.9999399286721,0.100014218092193,0.100008686842554,0.100005354158852
5.26087681280213,1.24958929610577,300.000008220887,100.000010882598,74.9999401247138,0.100013281187923,0.100008147145386,0.100005038002701
5.27087847974662,1.27863237364542,300.000007748229,100.000009150639,74.9999401354268,0.100012378538232,0.100007628722825,0.100004735133566
5.28088014669112,1.29936276233863,300.000007402775,100.000007793006,74.9999398618929,0.100011707462283,0.100007245738696,0.100004512695867
5.29088181363561,1.31134225857174,300.000007260605,100.000007077997,74.9999392701859,0.100011411947511,0.100007081169471,0.100004419315368
5.3008834805801,1.31423807577621,300.000007343776,100.000007101034,74.9999384044618,0.100011535918999,0.100007159856446,0.100004469297587
5.31088514752459,1.30782533904485,300.000007620235,100.000007777809,74.9999373670216,0.100012022259334,0.100007448115334,0.10000464249217
5.32088681446908,1.29198822843976,300.000008024084,100.000008906084,74.999936279617,0.100012749977082,0.100007875414573,0.100004897135162
5.33088848141357,1.26671980704988,300.000008482257,100.000010251804,74.9999352472285,0.100013583703505,0.100008363111673,0.100005186802586
5.34089014835806,1.2321205813703,300.000008934679,100.0000116167,74.9999343383117,0.100014411421104,0.100008846289369,0.100005473257115
5.35089181530255,1.18839585213287,300.000009342763,100.000012868901,74.9999335829772,0.100015160624438,0.100009283051572,0.100005731886518
5.36089348224704,1.13585192344398,300.000009688328,100.000013941959,74.9999329822292,0.100015796615045,0.100009653464343,0.100005951042223
5.37089514919153,1.07489124706511,300.000009967883,100.000014817849,74.9999325201323,0.100016312079904,0.100009953466151,0.100006128425711
5.38089681613602,1.00600658694693,300.000010186407,100.000015507397,74.9999321738236,0.100016715613658,0.100010188190248,0.100006267141509
5.39089848308051,0.929774296686841,300.000010352627,100.000016034975,74.9999319198102,0.100017022938425,0.100010366868232,0.100006372691023
5.400900150025,0.846846809358163,300.000010476114,100.000016428877,74.9999317370801,0.100017251494351,0.100010499696805,0.100006451127896
5.41090181696949,0.757944445045451,300.000010565809,100.000016716238,74.9999316081701,0.100017417659896,0.100010596232295,0.100006508115249
5.42090348391399,0.663846646273161,300.000010629426,100.000016920851,74.9999315191727,0.100017535612878,0.100010664736565,0.100006548543585
5.43090515085848,0.56538275518364,300.000010673326,100.000017062554,74.9999314592988,0.100017617071076,0.100010712031841,0.100006576448004
5.44090681780297,0.463422448662566,300.000010702609,100.000017157387,74.999931420323,0.100017671443129,0.100010743592157,0.100006595064206
5.45090848474746,0.358865948509824,300.000010721279,100.000017218045,74.9999313960536,0.100017706135033,0.100010763723944,0.100006606936425
5.46091015169195,0.25263412313542,300.00001073244,100.000017254415,74.9999313818821,0.100017726886519,0.100010775763098,0.100006614034635
5.47091181863644,0.145658595096833,300.000010738458,100.000017274083,74.9999313744189,0.100017738082104,0.100010782256742,0.100006617862414
5.48091348558093,0.038871965114078,300.000010741109,100.000017282774,74.9999313712078,0.100017743018221,0.100010785119097,0.10000661954931
5.49091515252542,-0.0668017419162619,300.000010741704,100.000017284728,74.999931370504,0.100017744125447,0.100010785761012,0.10000661992754
5.50091681946991,-0.170456309805514,300.000010741182,100.000017283005,74.9999313711019,0.100017743151925,0.100010785196792,0.100006619595184
5.5109184864144,-0.271212151303573,300.000010740197,100.000017279747,74.9999313721993,0.100017741315434,0.100010784132685,0.10000661896851
5.52092015335889,-0.368224632603608,300.000010739187,100.000017276393,74.9999313732904,0.100017739430165,0.100010783040621,0.100006618325533
5.53092182030338,-0.460691828240494,300.000010738428,100.000017273863,74.9999313740821,0.100017738011996,0.10001078221938,0.100006617842142
5.54092348724787,-0.547861642183684,300.000010738082,100.000017272703,74.9999313744298,0.100017737363922,0.100010781844211,0.100006617621379
5.55092515419236,-0.629038240880989,300.00001073823,100.000017273203,74.9999313742903,0.100017737641955,0.10001078200508,0.100006617715995
5.56092682113686,-0.703587754043256,300.000010738902,100.000017275477,74.9999313736925,0.100017738901355,0.100010782733476,0.100006618144255
5.57092848808135,-0.770943208898965,300.000010740086,100.000017279509,74.9999313727209,0.100017741123372,0.100010784017899,0.100006618899051
5.58093015502584,-0.830608673349378,300.000010741734,100.000017285171,74.9999313715141,0.10001774422352,0.100010785808642,0.100006619950704
5.59093182197033,-0.882162592806513,300.00001074376,100.000017292211,74.9999313702723,0.10001774804347,0.100010788013056,0.100006621244171
5.60093348891482,-0.925260314415181,300.000010746025,100.000017300209,74.9999313692731,0.100017752329586,0.100010790483092,0.100006622691686
5.61093515585931,-0.959635800790297,300.000010748322,100.000017308528,74.9999313688919,0.100017756701991,0.100010792997364,0.100006624162191
5.6209368228038,-0.985102543307201,300.000010750357,100.000017316251,74.9999313696226,0.100017760618681,0.100010795240358,0.100006625469096
5.63093848974829,-1.00155369234845,300.000010751729,100.000017322111,74.9999313720959,0.10001776333984,0.100010796781784,0.100006626358132
5.64094015669278,-1.00896142872885,300.000010751917,100.000017324444,74.9999313770902,0.100017763898207,0.100010797059462,0.100006626497302
5.65094182363727,-1.00737560679153,300.000010750265,100.00001732115,74.9999313855314,0.100017761082173,0.100010795369618,0.100006625471215
5.66094349058176,-0.996921705392558,300.000010745993,100.0000173097,74.9999313984761,0.100017753439166,0.10001079086897,0.100006622782381
5.67094515752625,-0.977798128171187,300.000010738204,100.000017287186,74.9999314170747,0.100017739307509,0.100010782593346,0.100006617862258
5.68094682447075,-0.95027289913282,300.000010725932,100.000017250435,74.9999314425078,0.100017716884759,0.100010769497473,0.100006610094786
5.69094849141524,-0.914679803645272,300.000010708193,100.000017196203,74.9999314758966,0.100017684338937,0.100010750519623,0.100006598854569
5.70095015835973,-0.871414028453875,300.000010684076,100.000017121447,74.9999315181856,0.100017639965255,0.100010724672638,0.100006583560584
5.71095182530422,-0.820927357242465,300.000010652844,100.00001702367,74.9999315700043,0.100017582384492,0.100010691159029,0.100006563744059
5.72095349224871,-0.763722980589756,300.000010614062,100.000016901324,74.9999316315204,0.100017510769955,0.100010649502595,0.100006539126041
5.7309551591932,-0.700349980879047,300.000010567717,100.000016754217,74.9999317023017,0.100017425078952,0.100010599682535,0.100006509696367
5.74095682613769,-0.631397553802616,300.000010514324,100.000016583876,74.9999317812131,0.10001732625374,0.100010542249732,0.100006475782078
5.75095849308218,-0.557489028554898,300.000010455001,100.000016393783,74.9999318663759,0.100017216349087,0.10001047840037,0.100006438090609
5.76096016002667,-0.479275748632786,300.000010391463,100.000016189406,74.9999319552142,0.100017098542623,0.100010409981475,0.100006397712809
5.77096182697116,-0.397430874368317,300.000010325955,100.000015977962,74.9999320446057,0.100016976993368,0.100010339408373,0.10000635607403
5.78096349391565,-0.312643166929325,300.000010261077,100.000015767895,74.999932131135,0.100016856534816,0.100010269486252,0.100006314828723
5.79096516086014,-0.225610811568202,300.000010199547,100.000015568082,74.9999322114287,0.100016742220237,0.100010203146158,0.100006275704668
5.80096682780463,-0.137035335417645,300.000010143899,100.00001538687,74.999932282527,0.100016638773733,0.100010143126547,0.100006240315235
5.81096849474913,-0.0476156721736406,300.000010096188,100.000015231092,74.9999323422302,0.100016550032014,0.100010091649713,0.100006209968762
5.82097016169362,0.0419575773750491,300.00001005774,100.00001510523,74.9999323893559,0.100016478478281,0.100010050151906,0.100006185509718
5.83097182863811,0.131007643754888,300.000010029,100.000015010907,74.9999324238511,0.100016424962886,0.100010019121933,0.100006167223895
5.8409734955826,0.218876804979428,300.000010009521,100.000014946815,74.9999324467327,0.100016388673029,0.100009998084271,0.100006154828823
5.85097516252709,0.304931283588999,300.000009998089,100.000014909101,74.9999324598657,0.10001636736192,0.10000998573258,0.10000614755278
5.86097682947158,0.388565792111661,300.000009992957,100.000014892126,74.9999324656253,0.100016357789752,0.10000998018585,0.100006144285989
5.87097849641607,0.469207699059372,300.000009992149,100.000014889447,74.9999324665138,0.100016356281684,0.100009979312141,0.100006143771497
5.88098016336056,0.546320792187725,300.000009993757,100.000014894801,74.99993246481,0.100016359286092,0.100009981052196,0.100006144795842
5.89098183030505,0.619408620363132,300.000009996186,100.000014902911,74.9999324623143,0.100016363825798,0.100009983680769,0.100006146342886
5.90098349724954,0.688017399950315,300.000009998296,100.00001490998,74.9999324602232,0.100016367771353,0.100009985964647,0.100006147686704
5.91098516419403,0.751738476112824,300.000009999441,100.000014913834,74.9999324591339,0.100016369915681,0.100009987205484,0.100006148416588
5.92098683113852,0.810210333772693,300.000009999421,100.000014913763,74.9999324591485,0.100016369877083,0.100009987183192,0.100006148403499
5.93098849808301,0.863120157169661,300.000009998362,100.00001491016,74.9999324600343,0.100016367889588,0.100009986034171,0.100006147728188
5.9409901650275,0.9102049409675,300.000009996585,100.000014904073,74.9999324613936,0.100016364549948,0.100009984104551,0.100006146594688
5.950991831972,0.951252159650788,300.000009994478,100.000014896788,74.999932462807,0.100016360581426,0.1000099818133,0.100006145249682
5.96099349891649,0.98610000551917,300.000009992398,100.000014889509,74.9999324639322,0.100016356653459,0.100009979547815,0.100006143921054
5.97099516586098,1.01463720890015,300.000009990614,100.000014883155,74.9999324645525,0.10001635327246,0.100009977600787,0.100006142780786
5.98099683280547,1.03680245725057,300.000009989288,100.000014878286,74.9999324645854,0.100016350739477,0.100009976145818,0.100006141930672
5.99099849974996,1.05258343258834,300.000009988471,100.000014875109,74.9999324640617,0.100016349158708,0.100009975242482,0.100006141405372
6.00100016669445,1.06201548917933,300.000009988134,100.000014873551,74.999932463092,0.100016348476926,0.100009974859264,0.100006141185968
6.01100183363894,1.06517999559044,300.000009988192,100.000014873344,74.9999324618288,0.100016348535694,0.100009974903862,0.100006141217835
6.02100350058343,1.06220236710339,300.000009988528,100.000014874123,74.9999324604347,0.100016349122963,0.100009975253101,0.100006141428271
6.03100516752792,1.05324981605953,300.000009989025,100.000014875494,74.9999324590577,0.100016350016089,0.100009975777847,0.100006141741154
6.04100683447241,1.03852884897323,300.000009989573,100.000014877099,74.9999324578164,0.100016351012874,0.100009976360957,0.100006142087509
6.0510085014169,1.01828254021054,300.000009990085,100.000014878646,74.999932456793,0.100016351950461,0.100009976908201,0.100006142411908
6.06101016836139,0.992787612685231,300.0000099905,100.000014879923,74.9999324560323,0.100016352713782,0.100009977353107,0.100006142675314
6.07101183530588,0.962351356381338,300.000009990784,100.000014880806,74.9999324555459,0.100016353235992,0.100009977657188,0.100006142855191
6.08101350225038,0.927308415581205,300.000009990924,100.000014881244,74.9999324553183,0.100016353493462,0.100009977807008,0.100006142943761
6.09101516919487,0.888017475470575,300.000009990926,100.000014881251,74.9999324553143,0.10001635349755,0.100009977809389,0.10000614294517
6.10101683613936,0.844857878324261,300.000009990811,100.000014880885,74.9999324554869,0.100016353284968,0.100009977685822,0.10000614287219
6.11101850308385,0.798226198762903,300.000009990607,100.000014880235,74.9999324557837,0.100016352908074,0.100009977466824,0.10000614274289
6.12102017002834,0.748532806633054,300.000009990347,100.0000148794,74.9999324561529,0.100016352426009,0.100009977186804,0.100006142577608
6.13102183697283,0.696198444919681,300.000009990062,100.000014878481,74.9999324565478,0.10001635189725,0.100009976879747,0.100006142396414
6.14102350391732,0.641650848774146,300.00000998978,100.00001487757,74.9999324569296,0.100016351373879,0.100009976575896,0.100006142217152
6.15102517086181,0.585321430254539,300.000009989524,100.000014876739,74.9999324572696,0.100016350897663,0.100009976299485,0.100006142054114
6.1610268378063,0.527642051751919,300.000009989309,100.00001487604,74.9999324575492,0.100016350497872,0.100009976067485,0.100006141917297
6.17102850475079,0.469041909338844,300.000009989143,100.000014875502,74.9999324577598,0.100016350190665,0.100009975889247,0.100006141812204
6.18103017169528,0.409944545448197,300.00000998903,100.000014875131,74.9999324579016,0.100016349979772,0.100009975766914,0.100006141740087
6.19103183863977,0.350765008392906,300.000009988965,100.000014874918,74.9999324579818,0.100016349858203,0.100009975696408,0.10000614169853
6.20103350558426,0.291907174291997,300.000009988939,100.000014874834,74.9999324580127,0.10001634981063,0.100009975668822,0.100006141682272
6.21103517252875,0.23376124499547,300.000009988942,100.000014874844,74.9999324580092,0.100016349816151,0.100009975672023,0.100006141684158
6.22103683947325,0.176701433618727,300.000009988961,100.000014874905,74.9999324579875,0.100016349851145,0.100009975692306,0.100006141696107
6.23103850641774,0.121083847324124,300.000009988983,100.000014874978,74.9999324579626,0.100016349891952,0.100009975715955,0.100006141710037
6.24104017336223,0.0672445750388569,300.000009988996,100.000014875023,74.9999324579476,0.100016349917196,0.100009975730582,0.100006141718651
6.25104184030672,0.0154979858893918,300.000009988992,100.000014875009,74.999932457952,0.100016349909595,0.100009975726179,0.100006141716058
6.26104350725121,-0.0338647577235308,300.000009988964,100.000014874916,74.9999324579816,0.100016349857176,0.100009975695821,0.100006141698188
6.2710451741957,-0.0805769702768392,300.000009988909,100.000014874731,74.9999324580382,0.100016349753882,0.100009975636012,0.100006141662988
6.28104684114019,-0.12439749608777,300.000009988826,100.000014874454,74.99993245812,0.100016349599568,0.100009975546688,0.10000614161043
6.29104850808468,-0.165111546302558,300.000009988719,100.000014874095,74.9999324582219,0.100016349399493,0.100009975430909,0.100006141542325
6.30105017502917,-0.202531322665363,300.000009988593,100.000014873669,74.9999324583365,0.100016349163369,0.100009975294318,0.100006141462003
6.31105184197366,-0.236496432260831,300.000009988455,100.0000148732,74.9999324584551,0.100016348904131,0.10000997514442,0.10000614137389
6.32105350891815,-0.266874098757388,300.000009988313,100.000014872713,74.9999324585682,0.100016348636534,0.100009974989767,0.100006141283023
6.33105517586264,-0.293559176902098,300.000009988174,100.000014872236,74.999932458667,0.100016348375721,0.100009974839132,0.10000614119457
6.34105684280713,-0.31647397812794,300.000009988047,100.000014871793,74.999932458744,0.100016348135883,0.100009974700733,0.100006141113366
6.35105850975163,-0.335567916128427,300.000009987938,100.000014871408,74.9999324587932,0.100016347929118,0.100009974581564,0.100006141043523
6.36106017669612,-0.350816982131017,300.000009987851,100.000014871095,74.9999324588113,0.100016347764555,0.1000099744869,0.100006140988138
6.37106184364061,-0.362223060359535,300.00000998779,100.000014870867,74.9999324587972,0.1000163476478,0.100009974419968,0.100006140949102
6.3810635105851,-0.369813094817367,300.000009987756,100.000014870726,74.9999324587524,0.10001634758072,0.100009974381828,0.100006140927028
6.39106517752959,-0.373638119049134,300.000009987748,100.000014870671,74.9999324586805,0.10001634756155,0.100009974371436,0.100006140921288
6.40106684447408,-0.373772160951425,300.000009987762,100.000014870693,74.9999324585869,0.100016347585285,0.100009974385871,0.100006140930151
6.41106851141857,-0.370311035006204,300.000009987795,100.000014870779,74.9999324584783,0.100016347644312,0.100009974420701,0.100006140950998
6.42107017836306,-0.363371034507955,300.000009987842,100.000014870913,74.9999324583622,0.100016347729187,0.100009974470443,0.100006140980591
6.43107184530755,-0.353087536452187,300.000009987897,100.000014871077,74.9999324582458,0.100016347829516,0.100009974529061,0.10000614101537
6.44107351225204,-0.339613531754031,300.000009987954,100.000014871252,74.9999324581362,0.100016347934822,0.100009974590479,0.100006141051753
6.45107517919653,-0.32311809337727,300.000009988009,100.000014871421,74.9999324580395,0.100016348035373,0.100009974649056,0.100006141086419
6.46107684614102,-0.303784794782479,300.000009988057,100.00001487157,74.9999324579601,0.100016348122882,0.100009974699994,0.100006141116541
6.47107851308551,-0.281810090854736,300.000009988094,100.000014871686,74.9999324579011,0.100016348191058,0.100009974739655,0.100006141139981
6.48108018003,-0.257401673153363,300.000009988118,100.000014871763,74.9999324578637,0.100016348235979,0.100009974765773,0.100006141155411
6.4910818469745,-0.230776810945307,300.000009988129,100.000014871798,74.9999324578474,0.100016348256275,0.10000997477757,0.100006141162378
6.50108351391899,-0.202160689047063,300.000009988127,100.000014871793,74.9999324578498,0.100016348253141,0.100009974775749,0.100006141161303
6.51108518086348,-0.171784753014351,300.000009988115,100.000014871753,74.9999324578673,0.100016348230182,0.100009974762414,0.100006141153433
6.52108684780797,-0.139885071690834,300.000009988095,100.000014871689,74.9999324578948,0.100016348193127,0.100009974740897,0.100006141140736
6.53108851475246,-0.106700726563615,300.000009988071,100.000014871612,74.9999324579266,0.100016348149429,0.100009974715528,0.10000614112577
6.54109018169695,-0.0724722367803545,300.000009988049,100.00001487154,74.9999324579563,0.100016348107798,0.100009974691365,0.100006141111517
6.55109184864144,-0.0374400280666403,300.000009988033,100.000014871487,74.9999324579774,0.100016348077676,0.100009974673885,0.100006141101209
6.56109351558593,-0.0018429531484654,300.000009988028,100.000014871471,74.9999324579835,0.100016348068696,0.100009974668674,0.100006141098136
6.57109518253042,0.0340831293613865,300.000009988039,100.000014871509,74.9999324579691,0.100016348090136,0.100009974681111,0.100006141105468
6.58109684947491,0.0701067113075231,300.000009988072,100.000014871615,74.9999324579292,0.10001634815041,0.100009974716069,0.100006141126074
6.5910985164194,0.106001920917079,300.000009988129,100.000014871802,74.9999324578601,0.100016348256592,0.100009974777643,0.100006141162362
6.60110018336389,0.141549733310473,300.000009988213,100.00001487208,74.9999324577594,0.100016348414013,0.100009974868915,0.100006141216145
6.61110185030839,0.176539101251223,300.000009988327,100.000014872454,74.9999324576263,0.100016348625932,0.100009974991763,0.100006141288524
6.62110351725288,0.210768002428042,300.000009988471,100.000014872927,74.9999324574615,0.100016348893307,0.100009975146733,0.100006141379813
6.63110518419737,0.24404440019001,300.000009988643,100.000014873497,74.9999324572674,0.100016349214678,0.100009975332964,0.100006141489499
6.64110685114186,0.27618711526828,300.000009988842,100.000014874157,74.9999324570477,0.100016349586151,0.100009975548188,0.100006141616241
6.65110851808635,0.307026606612953,300.000009989064,100.000014874896,74.9999324568076,0.10001635000152,0.100009975788797,0.100006141757905
6.66111018503084,0.336405660049393,300.000009989306,100.000014875701,74.9999324565535,0.100016350452492,0.100009976049973,0.100006141911649
6.67111185197533,0.364179984012417,300.000009989561,100.000014876552,74.9999324562926,0.100016350929018,0.100009976325883,0.100006142074032
6.68111351891982,0.390218712148016,300.000009989823,100.000014877432,74.9999324560326,0.100016351419728,0.100009976609932,0.100006142241166
6.69111518586431,0.414404813079201,300.000009990087,100.000014878317,74.9999324557814,0.100016351912423,0.100009976895045,0.10000614240888
6.7011168528088,0.436635408114218,300.000009990344,100.000014879186,74.9999324555467,0.100016352394618,0.100009977173986,0.100006142572912
6.71111851975329,0.456821998130939,300.000009990589,100.000014880018,74.9999324553358,0.100016352854113,0.100009977439686,0.100006142729101
6.72112018669778,0.474890601300129,300.000009990815,100.000014880791,74.9999324551548,0.100016353279534,0.10000997768556,0.100006142873569
6.73112185364227,0.490781803712156,300.000009991018,100.000014881489,74.999932455009,0.100016353660856,0.100009977905806,0.100006143002904
6.74112352058676,0.504450725346293,300.000009991193,100.000014882095,74.9999324549019,0.100016353989842,0.100009978095663,0.100006143114308
6.75112518753126,0.515866904169085,300.000009991336,100.0000148826,74.9999324548357,0.100016354260409,0.100009978251618,0.10000614320572
6.76112685447575,0.52501410146831,300.000009991445,100.000014882995,74.9999324548107,0.100016354468879,0.100009978371558,0.100006143275901
6.77112852142024,0.531890031822138,300.000009991521,100.000014883278,74.9999324548256,0.100016354614118,0.10000997845484,0.100006143324484
6.78113018836473,0.536506021369409,300.000009991564,100.000014883452,74.9999324548776,0.100016354697551,0.10000997850231,0.100006143351976
6.79113185530922,0.538886598286937,300.000009991575,100.000014883523,74.9999324549621,0.100016354723062,0.100009978516235,0.100006143359722
6.80113352225371,0.539069019593815,300.000009991559,100.0000148835,74.9999324550735,0.100016354696775,0.100009978500182,0.100006143349831
6.8111351891982,0.537102738591255,300.00000999152,100.000014883399,74.9999324552051,0.100016354626742,0.100009978458831,0.100006143325069
6.82113685614269,0.533048817410221,300.000009991462,100.000014883234,74.9999324553495,0.100016354522549,0.100009978397753,0.100006143288723
6.83113852308718,0.526979289278296,300.000009991392,100.000014883026,74.9999324554989,0.100016354394863,0.100009978323139,0.100006143244447
6.84114019003167,0.518976475232648,300.000009991316,100.000014882794,74.9999324556457,0.100016354254944,0.100009978241523,0.100006143196093
6.85114185697616,0.509132260097938,300.000009991239,100.000014882557,74.9999324557822,0.10001635411415,0.100009978159492,0.100006143147544
6.86114352392065,0.497547332617232,300.000009991168,100.000014882336,74.9999324559016,0.100016353983447,0.100009978083404,0.100006143102544
6.87114519086514,0.484330394670916,300.000009991108,100.000014882147,74.9999324559979,0.100016353872969,0.100009978019129,0.100006143064553
6.88114685780964,0.469597344543734,300.000009991064,100.000014882008,74.9999324560661,0.100016353791619,0.100009977971824,0.100006143036604
6.89114852475413,0.45347043920397,300.00000999104,100.000014881931,74.9999324561025,0.100016353746755,0.100009977945746,0.100006143021202
6.90115019169862,0.436077440541928,300.000009991039,100.000014881926,74.9999324561048,0.100016353743948,0.100009977944114,0.100006143020239
6.91115185864311,0.417550750477724,300.000009991062,100.000014882,74.9999324560719,0.100016353786838,0.100009977969028,0.100006143034944
6.9211535255876,0.398026539791498,300.00000999111,100.000014882157,74.9999324560043,0.100016353877074,0.100009978021432,0.100006143065869
6.93115519253209,0.37764387545305,300.000009991184,100.000014882396,74.9999324559035,0.100016354014356,0.100009978101138,0.100006143112896
6.94115685947658,0.356543851132987,300.000009991283,100.000014882714,74.9999324557724,0.100016354196544,0.100009978206895,0.100006143175281
6.95115852642107,0.334868725464445,300.000009991403,100.000014883104,74.9999324556147,0.100016354419853,0.100009978336497,0.100006143251718
6.96116019336556,0.312761072493746,300.000009991542,100.000014883558,74.9999324554347,0.100016354679104,0.10000997848693,0.100006143340427
6.97116186031005,0.290362948610641,300.000009991698,100.000014884064,74.9999324552377,0.100016354968014,0.100009978654544,0.100006143439251
6.98116352725454,0.267815080084699,300.000009991865,100.000014884611,74.9999324550288,0.100016355279524,0.100009978835239,0.100006143545771
6.99116519419903,0.245256075154568,300.000009992041,100.000014885186,74.9999324548135,0.100016355606133,0.100009979024659,0.100006143657418
7.00116686114352,0.222821664422055,300.00000999222,100.000014885774,74.999932454597,0.100016355940228,0.10000997921839,0.100006143771589
7.01116852808801,0.200643973093931,300.0000099924,100.000014886364,74.9999324543843,0.100016356274401,0.100009979412133,0.10000614388575
7.02117019503251,0.178850828392007,300.000009992575,100.000014886943,74.9999324541796,0.100016356601723,0.100009979601873,0.100006143997535
7.031171861977,0.157565105217138,300.000009992744,100.000014887499,74.9999324539868,0.100016356915991,0.100009979784013,0.100006144104825
7.04117352892149,0.136904112906438,300.000009992902,100.000014888024,74.9999324538089,0.100016357211908,0.100009979955487,0.100006144205816
7.05117519586598,0.116979025666049,300.000009993049,100.00001488851,74.9999324536481,0.100016357485222,0.100009980113833,0.100006144299059
7.06117686281047,0.0978943589955087,300.000009993181,100.000014888951,74.9999324535058,0.100016357732798,0.100009980257237,0.100006144383489
7.07117852975496,0.0797474941450784,300.000009993299,100.000014889343,74.9999324533828,0.100016357952639,0.100009980384549,0.100006144458428
7.08118019669945,0.0626282523656699,300.000009993401,100.000014889685,74.999932453279,0.100016358143851,0.100009980495254,0.100006144523578
7.09118186364394,0.046618520423414,300.000009993488,100.000014889977,74.9999324531937,0.100016358306564,0.100009980589433,0.100006144578988
7.10118353058843,0.0317919285587627,300.000009993561,100.00001489022,74.9999324531256,0.100016358441812,0.10000998066769,0.100006144625018
7.11118519753292,0.0182135817746818,300.000009993619,100.000014890418,74.9999324530732,0.100016358551381,0.100009980731066,0.100006144662282
7.12118686447741,0.00593984504134056,300.000009993665,100.000014890574,74.9999324530345,0.10001635863764,0.100009980780936,0.100006144691593
7.1311885314219,-0.00498181729281616,300.0000099937,100.000014890694,74.9999324530075,0.100016358703364,0.100009980818913,0.100006144713903
7.14119019836639,-0.0145129478901797,300.000009993726,100.000014890782,74.9999324529901,0.100016358751551,0.100009980846737,0.100006144730238
7.15119186531089,-0.0226241489137314,300.000009993743,100.000014890845,74.9999324529801,0.100016358785256,0.10000998086618,0.100006144741642
7.16119353225538,-0.0292950812077556,300.000009993755,100.000014890886,74.9999324529756,0.10001635880744,0.100009980878958,0.100006144749127
7.17119519919987,-0.0345144110441564,300.000009993762,100.000014890912,74.9999324529751,0.100016358820843,0.10000998088666,0.100006144753629
7.18119686614436,-0.0382797055863441,300.000009993766,100.000014890926,74.999932452977,0.10001635882789,0.100009980890691,0.100006144755975
7.19119853308885,-0.0405972784915007,300.000009993767,100.000014890932,74.9999324529802,0.100016358830627,0.100009980892235,0.100006144756862
7.20120020003334,-0.0414819873309744,300.000009993767,100.000014890933,74.9999324529839,0.100016358830689,0.100009980892239,0.100006144756848
7.21120186697783,-0.0409569847561817,300.000009993766,100.000014890931,74.9999324529875,0.100016358829306,0.100009980891414,0.100006144756349
7.22120353392232,-0.0390534255723685,300.000009993765,100.000014890928,74.9999324529906,0.100016358827331,0.100009980890253,0.100006144755656
7.23120520086681,-0.0358101321036148,300.000009993764,100.000014890925,74.9999324529932,0.100016358825293,0.10000998088906,0.100006144754947
7.2412068678113,-0.0312732204383297,300.000009993763,100.000014890922,74.9999324529952,0.100016358823474,0.100009980887998,0.100006144754317
7.25120853475579,-0.025495690334042,300.000009993762,100.000014890919,74.9999324529967,0.100016358821988,0.100009980887132,0.100006144753804
7.26121020170028,-0.0185369817324997,300.000009993762,100.000014890918,74.9999324529978,0.100016358820869,0.10000998088648,0.100006144753419
7.27121186864477,-0.0104625009899851,300.000009993761,100.000014890916,74.9999324529984,0.100016358820158,0.100009980886066,0.100006144753174
7.28121353558926,-0.00134312006249185,300.000009993761,100.000014890916,74.9999324529986,0.100016358819969,0.100009980885956,0.100006144753109
7.29121520253376,0.00874534799972934,300.000009993762,100.000014890917,74.9999324529981,0.100016358820555,0.100009980886297,0.10000614475331
7.30121686947825,0.0197226937993996,300.000009993762,100.00001489092,74.9999324529967,0.100016358822338,0.100009980887333,0.100006144753923
7.31121853642274,0.031504873058981,300.000009993764,100.000014890926,74.9999324529939,0.100016358825934,0.100009980889422,0.100006144755156
7.32122020336723,0.0440045812327183,300.000009993768,100.000014890937,74.9999324529892,0.100016358832136,0.100009980893025,0.100006144757282
7.33122187031172,0.0571318376592044,300.000009993773,100.000014890954,74.9999324529819,0.100016358841891,0.100009980898689,0.100006144760624
7.34122353725621,0.0707945756408824,300.000009993781,100.000014890979,74.9999324529715,0.100016358856248,0.100009980907024,0.100006144765542
7.3512252042007,0.0848992348496319,300.000009993792,100.000014891014,74.9999324529571,0.100016358876295,0.100009980918661,0.100006144772406
7.36122687114519,0.099351352491715,300.000009993806,100.000014891061,74.9999324529383,0.100016358903086,0.100009980934208,0.100006144781575
7.37122853808968,0.114056149720527,300.000009993825,100.000014891121,74.9999324529146,0.100016358937557,0.100009980954209,0.100006144793368
7.38123020503417,0.128919109861347,300.000009993848,100.000014891196,74.9999324528855,0.100016358980454,0.100009980979094,0.10000614480804
7.39123187197866,0.143846545108006,300.000009993875,100.000014891288,74.999932452851,0.10001635903226,0.100009981009143,0.100006144825752
7.40123353892315,0.158746148466346,300.000009993908,100.000014891395,74.9999324528112,0.100016359093144,0.100009981044451,0.100006144846562
7.41123520586764,0.173527527852684,300.000009993946,100.000014891518,74.9999324527663,0.100016359162915,0.100009981084906,0.100006144870402
7.42123687281213,0.188102719406249,300.000009993987,100.000014891656,74.999932452717,0.100016359241011,0.10000998113018,0.100006144897077
7.43123853975663,0.202386677241576,300.000009994033,100.000014891807,74.999932452664,0.100016359326498,0.10000998117973,0.100006144926267
7.44124020670112,0.216297737049084,300.000009994082,100.000014891969,74.9999324526083,0.100016359418099,0.100009981232815,0.100006144957534
7.45124187364561,0.229758051148024,300.000009994134,100.00001489214,74.9999324525512,0.100016359514238,0.100009981288519,0.100006144990339
7.4612435405901,0.242693992804532,300.000009994187,100.000014892316,74.9999324524938,0.100016359613109,0.100009981345793,0.100006145024062
7.47124520753459,0.255036527847005,300.00000999424,100.000014892493,74.9999324524373,0.100016359712748,0.100009981403501,0.100006145058033
7.48124687447908,0.266721551840101,300.000009994293,100.000014892669,74.9999324523832,0.100016359811128,0.100009981460465,0.10000614509156
7.49124854142357,0.277690191315635,300.000009994344,100.00001489284,74.9999324523326,0.100016359906244,0.100009981515525,0.100006145123958
7.50125020836806,0.287889067802069,300.000009994392,100.000014893001,74.9999324522866,0.100016359996209,0.100009981567587,0.100006145154583
7.51125187531255,0.297270523642339,300.000009994436,100.000014893151,74.9999324522461,0.100016360079334,0.100009981615673,0.100006145182861
7.52125354225704,0.305792808841015,300.000009994476,100.000014893287,74.9999324522118,0.100016360154202,0.100009981658965,0.100006145208309
7.53125520920153,0.313420228434365,300.000009994511,100.000014893406,74.999932452184,0.100016360219729,0.100009981696836,0.10000614523056
7.54125687614602,0.320123250129332,300.00000999454,100.000014893507,74.999932452163,0.100016360275204,0.100009981728875,0.100006145249374
7.55125854309052,0.325878572207991,300.000009994564,100.00001489359,74.9999324521486,0.100016360320312,0.100009981754905,0.100006145264646
7.56126021003501,0.330669151941165,300.000009994583,100.000014893655,74.9999324521405,0.100016360355141,0.100009981774976,0.100006145276409
7.5712618769795,0.334484194997003,300.000009994596,100.000014893703,74.999932452138,0.100016360380162,0.100009981789367,0.100006145284827
7.58126354392399,0.337319106565922,300.000009994604,100.000014893734,74.9999324521404,0.100016360396204,0.100009981798559,0.100006145290186
7.59126521086848,0.339175405150962,300.000009994608,100.000014893752,74.9999324521468,0.100016360404402,0.100009981803213,0.100006145292875
7.60126687781297,0.340060600190895,300.000009994609,100.000014893758,74.9999324521559,0.100016360406145,0.100009981804135,0.100006145293372
7.61126854475746,0.339988034891119,300.000009994607,100.000014893754,74.9999324521666,0.100016360403003,0.100009981802238,0.100006145292214
7.62127021170195,0.338976695833182,300.000009994604,100.000014893745,74.9999324521778,0.100016360396661,0.1000099817985,0.100006145289979
7.63127187864644,0.337050991116654,300.000009994599,100.000014893732,74.9999324521884,0.100016360388847,0.100009981793922,0.100006145287256
7.64127354559093,0.334240498955984,300.000009994595,100.00001489372,74.9999324521971,0.100016360381257,0.100009981789488,0.100006145284625
7.65127521253542,0.330579688809004,300.000009994592,100.00001489371,74.9999324522031,0.100016360375493,0.100009981786126,0.100006145282634
7.66127687947991,0.326107617252118,300.000009994591,100.000014893706,74.9999324522055,0.100016360373005,0.100009981784677,0.100006145281776
7.6712785464244,0.320867600939267,300.000009994592,100.00001489371,74.9999324522037,0.10001636037504,0.100009981785861,0.100006145282476
7.6812802133689,0.314906869086914,300.000009994596,100.000014893723,74.9999324521971,0.100016360382609,0.100009981790264,0.100006145285079
7.69128188031339,0.308276198015129,300.000009994603,100.000014893746,74.9999324521856,0.100016360396458,0.100009981798317,0.100006145289836
7.70128354725788,0.301029530345081,300.000009994615,100.000014893782,74.9999324521689,0.100016360417057,0.10000998181029,0.100006145296907
7.71128521420237,0.293223581505652,300.000009994629,100.000014893829,74.9999324521473,0.100016360444597,0.100009981826292,0.100006145306355
7.72128688114686,0.284917436236418,300.000009994648,100.000014893889,74.999932452121,0.100016360478999,0.100009981846275,0.10000614531815
7.73128854809135,0.276172137790994,300.00000999467,100.00001489396,74.9999324520903,0.100016360519938,0.10000998187005,0.100006145332179
7.74129021503584,0.267050272543813,300.000009994695,100.000014894042,74.999932452056,0.100016360566864,0.100009981897295,0.100006145348254
7.75129188198033,0.257615552685228,300.000009994723,100.000014894133,74.9999324520185,0.100016360619041,0.100009981927582,0.100006145366119
7.76129354892482,0.247932399654628,300.000009994754,100.000014894232,74.9999324519787,0.100016360675585,0.100009981960397,0.100006145385473
7.77129521586931,0.238065530909721,300.000009994786,100.000014894337,74.9999324519372,0.100016360735504,0.100009981995165,0.100006145405974
7.7812968828138,0.22807955256278,300.00000999482,100.000014894446,74.9999324518949,0.100016360797743,0.100009982031272,0.100006145427263
7.79129854975829,0.218038560332218,300.000009994854,100.000014894557,74.9999324518525,0.100016360861224,0.100009982068094,0.100006145448968
7.80130021670278,0.208005751161122,300.000009994888,100.000014894669,74.9999324518107,0.100016360924886,0.100009982105013,0.100006145470728
7.81130188364727,0.198043047744295,300.000009994922,100.00001489478,74.9999324517701,0.100016360987718,0.100009982141446,0.100006145492198
7.82130355059177,0.188210738082784,300.000009994954,100.000014894888,74.9999324517315,0.100016361048792,0.100009982176853,0.10000614551306
7.83130521753626,0.178567132050921,300.000009994986,100.000014894991,74.9999324516951,0.100016361107287,0.100009982210759,0.100006145533035
7.84130688448075,0.169168236816608,300.000009995015,100.000014895089,74.9999324516615,0.100016361162504,0.100009982242759,0.100006145551883
7.85130855142524,0.160067452802065,300.000009995043,100.00001489518,74.9999324516309,0.100016361213882,0.100009982272528,0.100006145569415
7.86131021836973,0.151315291710755,300.000009995068,100.000014895264,74.9999324516035,0.100016361261,0.100009982299824,0.100006145585487
7.87131188531422,0.142959117977824,300.000009995091,100.00001489534,74.9999324515793,0.10001636130358,0.100009982324485,0.100006145600005
7.88131355225871,0.135042914827457,300.000009995111,100.000014895408,74.9999324515584,0.100016361341478,0.100009982346429,0.10000614561292
7.8913152192032,0.127607075942231,300.000009995129,100.000014895467,74.9999324515407,0.100016361374676,0.100009982365647,0.100006145624228
7.90131688614769,0.120688223568113,300.000009995144,100.000014895519,74.999932451526,0.100016361403268,0.100009982382193,0.100006145633962
7.91131855309218,0.114319053695483,300.000009995157,100.000014895562,74.9999324515142,0.100016361427443,0.100009982396178,0.100006145642186
7.92132022003667,0.108528208772577,300.000009995168,100.000014895598,74.999932451505,0.100016361447469,0.100009982407759,0.100006145648994
7.93132188698116,0.103340178224448,300.000009995177,100.000014895628,74.9999324514981,0.100016361463674,0.100009982417125,0.100006145654497
7.94132355392565,0.0987752268688726,300.000009995183,100.000014895651,74.9999324514932,0.100016361476428,0.100009982424491,0.100006145658823
7.95132522087015,0.0948493511419632,300.000009995188,100.000014895669,74.9999324514901,0.100016361486127,0.100009982430088,0.100006145662107
7.96132688781464,0.0915742628715487,300.000009995192,100.000014895682,74.9999324514884,0.100016361493177,0.100009982434151,0.100006145664488
7.97132855475913,0.0889574001667422,300.000009995195,100.000014895691,74.9999324514879,0.100016361497982,0.100009982436915,0.100006145666105
7.98133022170362,0.0870019648285727,300.000009995196,100.000014895697,74.9999324514882,0.100016361500936,0.100009982438609,0.100006145667093
7.99133188864811,0.0857069855300036,300.000009995197,100.0000148957,74.9999324514893,0.100016361502412,0.100009982439448,0.100006145667578
8.0013335555926,0.0850674058650003,300.000009995197,100.000014895701,74.9999324514907,0.100016361502761,0.100009982439635,0.100006145667681
8.01133522253709,0.0850741962263472,300.000009995197,100.000014895701,74.9999324514924,0.100016361502306,0.100009982439359,0.100006145667512
8.02133688948158,0.0857144883413669,300.000009995196,100.000014895699,74.9999324514942,0.100016361501343,0.100009982438792,0.100006145667172
8.03133855642607,0.0869717311742436,300.000009995196,100.000014895698,74.9999324514958,0.100016361500144,0.100009982438089,0.100006145666754
8.04134022337056,0.0888258667938382,300.000009995195,100.000014895696,74.9999324514972,0.100016361498955,0.100009982437394,0.100006145666342
8.05134189031505,0.0912535247072353,300.000009995194,100.000014895694,74.9999324514982,0.100016361498001,0.100009982436838,0.100006145666012
8.06134355725954,0.094228233072159,300.000009995194,100.000014895693,74.9999324514987,0.10001636149749,0.10000998243654,0.100006145665836
8.07134522420403,0.0977206451261849,300.000009995194,100.000014895693,74.9999324514986,0.100016361497611,0.10000998243661,0.100006145665878
8.08134689114853,0.10169877910758,300.000009995195,100.000014895695,74.9999324514978,0.100016361498542,0.100009982437152,0.100006145666198
8.09134855809302,0.106128269891799,300.000009995196,100.000014895698,74.9999324514962,0.100016361500442,0.100009982438257,0.100006145666851
8.10135022503751,0.110972630529194,300.000009995197,100.000014895703,74.9999324514937,0.100016361503459,0.10000998244001,0.100006145667886
8.111351891982,0.116193521843406,300.0000099952,100.000014895711,74.9999324514904,0.100016361507723,0.100009982442488,0.100006145669349
8.12135355892649,0.12175102823601,300.000009995203,100.00001489572,74.9999324514861,0.100016361513345,0.100009982445754,0.100006145671277
8.13135522587098,0.127603937841238,300.000009995207,100.000014895733,74.9999324514808,0.100016361520415,0.100009982449859,0.1000061456737
8.14135689281547,0.133710025184667,300.000009995211,100.000014895748,74.9999324514745,0.100016361528996,0.100009982454841,0.100006145676639
8.15135855975996,0.140026334521347,300.000009995217,100.000014895765,74.9999324514672,0.100016361539122,0.100009982460719,0.100006145680106
8.16136022670445,0.146509462061608,300.000009995223,100.000014895786,74.999932451459,0.100016361550792,0.100009982467492,0.100006145684101
8.17136189364894,0.153115835336223,300.00000999523,100.000014895809,74.9999324514499,0.100016361563971,0.100009982475139,0.10000614568861
8.18136356059343,0.159801988006253,300.000009995238,100.000014895834,74.99993245144,0.100016361578584,0.100009982483617,0.100006145693608
8.19136522753792,0.166524828486208,300.000009995246,100.000014895862,74.9999324514293,0.100016361594516,0.100009982492858,0.100006145699056
8.20136689448241,0.17324190082144,300.000009995256,100.000014895893,74.9999324514181,0.100016361611616,0.100009982502775,0.1000061457049
8.21136856142691,0.179911636341406,300.000009995265,100.000014895924,74.9999324514065,0.100016361629694,0.100009982513257,0.100006145711078
8.22137022837139,0.186493594698803,300.000009995275,100.000014895958,74.9999324513945,0.10001636164853,0.100009982524177,0.100006145717512
8.23137189531589,0.192948692999886,300.000009995286,100.000014895992,74.9999324513825,0.100016361667875,0.10000998253539,0.100006145724117
8.24137356226038,0.19923942183285,300.000009995296,100.000014896027,74.9999324513706,0.100016361687462,0.100009982546741,0.100006145730803
8.25137522920487,0.205330047108037,300.000009995307,100.000014896061,74.9999324513589,0.10001636170701,0.100009982558067,0.100006145737474
8.26137689614936,0.211186796735362,300.000009995317,100.000014896095,74.9999324513478,0.100016361726235,0.100009982569204,0.100006145744031
8.27137856309385,0.216778031279686,300.000009995327,100.000014896129,74.9999324513372,0.100016361744858,0.100009982579991,0.100006145750381
8.28138023003834,0.222074397853254,300.000009995337,100.00001489616,74.9999324513274,0.100016361762616,0.100009982590273,0.100006145756433
8.29138189698283,0.227048966624907,300.000009995345,100.00001489619,74.9999324513185,0.100016361779267,0.100009982599912,0.100006145762105
8.30138356392732,0.231677349447677,300.000009995354,100.000014896218,74.9999324513107,0.100016361794602,0.100009982608786,0.100006145767325
8.31138523087181,0.235937800228912,300.000009995361,100.000014896243,74.9999324513039,0.100016361808448,0.100009982616796,0.100006145772036
8.3213868978163,0.239811296789352,300.000009995368,100.000014896265,74.9999324512983,0.100016361820678,0.100009982623868,0.100006145776193
8.33138856476079,0.243281604078909,300.000009995373,100.000014896284,74.9999324512938,0.100016361831209,0.100009982629955,0.100006145779769
8.34139023170528,0.246335318736453,300.000009995378,100.0000148963,74.9999324512904,0.100016361840009,0.100009982635038,0.100006145782754
8.35139189864977,0.248961895098066,300.000009995382,100.000014896313,74.9999324512881,0.100016361847097,0.100009982639128,0.100006145785154
8.36139356559427,0.251153652872209,300.000009995384,100.000014896323,74.9999324512868,0.100016361852538,0.100009982642264,0.100006145786992
8.37139523253876,0.252905766810464,300.000009995386,100.000014896331,74.9999324512864,0.100016361856442,0.10000998264451,0.100006145788306
8.38139689948325,0.254216238808345,300.000009995388,100.000014896336,74.9999324512867,0.10001636185896,0.100009982645953,0.100006145789148
8.39139856642774,0.255085852971516,300.000009995388,100.000014896338,74.9999324512876,0.100016361860278,0.100009982646702,0.100006145789581
8.40140023337223,0.255518114278116,300.000009995388,100.000014896339,74.9999324512889,0.100016361860608,0.10000998264688,0.100006145789679
8.41140190031672,0.255519171557291,300.000009995388,100.000014896339,74.9999324512905,0.100016361860183,0.100009982646622,0.100006145789521
8.42140356726121,0.255097725586999,300.000009995388,100.000014896338,74.9999324512922,0.100016361859245,0.100009982646069,0.10000614578919
8.4314052342057,0.254264923190383,300.000009995387,100.000014896336,74.9999324512939,0.100016361858042,0.100009982645364,0.10000614578877
8.44140690115019,0.253034238279061,300.000009995386,100.000014896334,74.9999324512953,0.100016361856816,0.100009982644648,0.100006145788345
8.45140856809468,0.251421340853381,300.000009995386,100.000014896332,74.9999324512964,0.100016361855797,0.100009982644053,0.100006145787993
8.46141023503917,0.249443955023762,300.000009995385,100.000014896331,74.999932451297,0.100016361855195,0.100009982643702,0.100006145787785
8.47141190198366,0.247121707163505,300.000009995385,100.000014896331,74.999932451297,0.100016361855196,0.100009982643703,0.100006145787786
8.48141356892815,0.244475965341823,300.000009995386,100.000014896332,74.9999324512963,0.100016361855957,0.100009982644145,0.100006145788047
8.49141523587265,0.241529671216209,300.000009995387,100.000014896335,74.999932451295,0.1000163618576,0.100009982645101,0.100006145788612
8.50141690281714,0.238307165585641,300.000009995388,100.00001489634,74.9999324512928,0.100016361860214,0.10000998264662,0.100006145789509
8.51141856976163,0.234834008820537,300.00000999539,100.000014896346,74.99993245129,0.10001636186385,0.100009982648733,0.100006145790756
8.52142023670612,0.231136797391884,300.000009995393,100.000014896354,74.9999324512864,0.100016361868525,0.100009982651449,0.100006145792359
8.53142190365061,0.227242977720763,300.000009995396,100.000014896364,74.9999324512821,0.100016361874222,0.100009982654757,0.100006145794312
8.5414235705951,0.223180658560666,300.000009995399,100.000014896376,74.9999324512772,0.100016361880889,0.100009982658628,0.100006145796595
8.55142523753959,0.218978423108841,300.000009995404,100.000014896389,74.9999324512718,0.100016361888449,0.100009982663016,0.100006145799184
8.56142690448408,0.214665142019645,300.000009995408,100.000014896403,74.9999324512659,0.1000163618968,0.100009982667863,0.100006145802042
8.57142857142857,0.210269788462805,300.000009995413,100.000014896419,74.9999324512597,0.10001636190582,0.100009982673096,0.100006145805128
8.58143023837306,0.205821256332956,300.000009995418,100.000014896436,74.9999324512532,0.100016361915371,0.100009982678638,0.100006145808396
8.59143190531755,0.201348182674183,300.000009995423,100.000014896453,74.9999324512466,0.100016361925309,0.100009982684402,0.100006145811793
8.60143357226204,0.196878775334951,300.000009995429,100.000014896471,74.9999324512399,0.10001636193548,0.100009982690301,0.10000614581527
8.61143523920653,0.192440646815174,300.000009995434,100.000014896489,74.9999324512332,0.100016361945735,0.100009982696247,0.100006145818774
8.62143690615103,0.18806065520871,300.00000999544,100.000014896507,74.9999324512268,0.100016361955927,0.100009982702155,0.100006145822255
8.63143857309552,0.183764753081715,300.000009995445,100.000014896525,74.9999324512206,0.100016361965916,0.100009982707945,0.100006145825666
8.64144024004001,0.179577845060591,300.00000999545,100.000014896542,74.9999324512147,0.100016361975575,0.100009982713543,0.100006145828964
8.6514419069845,0.17552365483312,300.000009995455,100.000014896558,74.9999324512092,0.100016361984792,0.100009982718884,0.100006145832109
8.66144357392899,0.171624602193373,300.00000999546,100.000014896574,74.9999324512041,0.100016361993469,0.10000998272391,0.100006145835069
8.67144524087348,0.16790169068563,300.000009995464,100.000014896588,74.9999324511996,0.100016362001528,0.100009982728578,0.100006145837816
8.68144690781797,0.164374406325296,300.000009995468,100.000014896601,74.9999324511955,0.100016362008906,0.10000998273285,0.100006145840331
8.69144857476246,0.161060627796247,300.000009995472,100.000014896613,74.9999324511919,0.100016362015563,0.100009982736703,0.100006145842598
8.70145024170695,0.157976548444639,300.000009995475,100.000014896624,74.9999324511889,0.100016362021472,0.100009982740123,0.10000614584461
8.71145190865144,0.15513661030954,300.000009995478,100.000014896633,74.9999324511864,0.100016362026627,0.100009982743106,0.100006145846364
8.72145357559593,0.152553450351175,300.00000999548,100.000014896641,74.9999324511844,0.100016362031037,0.100009982745655,0.100006145847863
8.73145524254042,0.15023785895879,300.000009995482,100.000014896648,74.9999324511828,0.100016362034723,0.100009982747786,0.100006145849115
8.74145690948491,0.148198750742391,300.000009995483,100.000014896653,74.9999324511816,0.100016362037723,0.100009982749519,0.100006145850132
8.75145857642941,0.146443147536538,300.000009995485,100.000014896658,74.9999324511809,0.100016362040082,0.10000998275088,0.100006145850931
8.76146024337389,0.144976173470291,300.000009995486,100.000014896661,74.9999324511804,0.100016362041857,0.100009982751903,0.100006145851531
8.77146191031839,0.143801061885809,300.000009995486,100.000014896663,74.9999324511803,0.10001636204311,0.100009982752624,0.100006145851952
8.78146357726288,0.142919173819297,300.000009995487,100.000014896665,74.9999324511804,0.10001636204391,0.100009982753083,0.10000614585222
8.79146524420737,0.142330027692443,300.000009995487,100.000014896666,74.9999324511806,0.100016362044329,0.100009982753321,0.100006145852358
8.80146691115186,0.14203133980044,300.000009995487,100.000014896666,74.999932451181,0.10001636204444,0.100009982753381,0.100006145852391
8.81146857809635,0.142019075124501,300.000009995487,100.000014896666,74.9999324511815,0.100016362044319,0.100009982753308,0.100006145852346
8.82147024504084,0.142287507942715,300.000009995487,100.000014896666,74.999932451182,0.100016362044039,0.100009982753143,0.100006145852247
8.83147191198533,0.142829291663399,300.000009995486,100.000014896665,74.9999324511825,0.100016362043672,0.100009982752928,0.100006145852119
8.84147357892982,0.143635537259992,300.000009995486,100.000014896664,74.999932451183,0.100016362043288,0.100009982752703,0.100006145851986
8.85147524587431,0.144695899646207,300.000009995486,100.000014896664,74.9999324511833,0.10001636204295,0.100009982752506,0.100006145851869
8.8614769128188,0.145998671294716,300.000009995486,100.000014896663,74.9999324511836,0.10001636204272,0.100009982752372,0.10000614585179
8.87147857976329,0.147530882372285,300.000009995486,100.000014896663,74.9999324511836,0.100016362042651,0.100009982752332,0.100006145851766
8.88148024670778,0.149278406638953,300.000009995486,100.000014896664,74.9999324511835,0.100016362042793,0.100009982752414,0.100006145851815
8.89148191365228,0.151226072338785,300.000009995486,100.000014896664,74.9999324511832,0.100016362043188,0.100009982752644,0.100006145851951
8.90148358059677,0.153357777294737,300.000009995487,100.000014896665,74.9999324511826,0.100016362043869,0.10000998275304,0.100006145852184
8.91148524754126,0.155656607410445,300.000009995487,100.000014896667,74.9999324511818,0.100016362044863,0.100009982753617,0.100006145852525
8.92148691448575,0.158104957777056,300.000009995488,100.000014896669,74.9999324511808,0.10001636204619,0.100009982754388,0.10000614585298
8.93148858143024,0.160684655583624,300.000009995489,100.000014896672,74.9999324511796,0.100016362047859,0.100009982755358,0.100006145853553
8.94149024837473,0.163377084034869,300.00000999549,100.000014896676,74.9999324511781,0.100016362049874,0.100009982756527,0.100006145854243
8.95149191531922,0.166163306490258,300.000009995491,100.00001489668,74.9999324511764,0.100016362052227,0.100009982757893,0.100006145855048
8.96149358226371,0.169024190053039,300.000009995493,100.000014896685,74.9999324511745,0.100016362054904,0.100009982759447,0.100006145855965
8.9714952492082,0.17194052785712,300.000009995494,100.00001489669,74.9999324511725,0.100016362057884,0.100009982761176,0.100006145856984
8.98149691615269,0.174893159323054,300.000009995496,100.000014896696,74.9999324511702,0.100016362061137,0.100009982763063,0.100006145858097
8.99149858309718,0.177863087681871,300.000009995498,100.000014896702,74.9999324511679,0.100016362064627,0.100009982765088,0.10000614585929
9.00150025004167,0.180831594096675,300.0000099955,100.000014896708,74.9999324511655,0.100016362068312,0.100009982767225,0.10000614586055
9.01150191698616,0.1837803477466,300.000009995502,100.000014896715,74.999932451163,0.100016362072147,0.100009982769448,0.10000614586186
9.02150358393066,0.186691511275611,300.000009995504,100.000014896722,74.9999324511605,0.100016362076079,0.100009982771728,0.100006145863204
9.03150525087515,0.18954784104943,300.000009995506,100.000014896729,74.999932451158,0.100016362080058,0.100009982774034,0.100006145864562
9.04150691781964,0.192332781707241,300.000009995508,100.000014896736,74.9999324511556,0.10001636208403,0.100009982776336,0.100006145865918
9.05150858476413,0.195030554540482,300.00000999551,100.000014896743,74.9999324511533,0.100016362087941,0.100009982778602,0.100006145867253
9.06151025170862,0.197626239278652,300.000009995512,100.00001489675,74.9999324511511,0.10001636209174,0.100009982780803,0.100006145868549
9.07151191865311,0.200105848911269,300.000009995514,100.000014896756,74.999932451149,0.100016362095379,0.100009982782911,0.100006145869789
9.0815135855976,0.202456397225614,300.000009995516,100.000014896762,74.9999324511471,0.100016362098813,0.100009982784899,0.10000614587096
9.09151525254209,0.204665958791346,300.000009995518,100.000014896768,74.9999324511454,0.100016362102004,0.100009982786746,0.100006145872047
9.10151691948658,0.206723721175121,300.000009995519,100.000014896773,74.9999324511439,0.100016362104919,0.100009982788434,0.100006145873039
9.11151858643107,0.208620029220672,300.000009995521,100.000014896778,74.9999324511426,0.100016362107534,0.100009982789946,0.100006145873929
9.12152025337556,0.21034642128208,300.000009995522,100.000014896782,74.9999324511415,0.100016362109832,0.100009982791275,0.10000614587471
9.13152192032005,0.211895657349878,300.000009995523,100.000014896786,74.9999324511407,0.100016362111802,0.100009982792414,0.100006145875379
9.14152358726454,0.213261739060848,300.000009995524,100.000014896789,74.9999324511401,0.100016362113446,0.100009982793363,0.100006145875937
9.15152525420904,0.21443992163259,300.000009995525,100.000014896791,74.9999324511396,0.100016362114769,0.100009982794127,0.100006145876385
9.16152692115353,0.215426717812941,300.000009995525,100.000014896793,74.9999324511394,0.100016362115787,0.100009982794714,0.100006145876729
9.17152858809802,0.216219893981697,300.000009995526,100.000014896794,74.9999324511393,0.100016362116523,0.100009982795137,0.100006145876977
9.18153025504251,0.216818458587733,300.000009995526,100.000014896795,74.9999324511393,0.100016362117004,0.100009982795413,0.100006145877137
9.191531921987,0.217222643148147,300.000009995526,100.000014896796,74.9999324511395,0.100016362117264,0.100009982795561,0.100006145877223
9.20153358893149,0.217433876077348,300.000009995526,100.000014896796,74.9999324511397,0.100016362117341,0.100009982795603,0.100006145877247
9.21153525587598,0.217454749652795,300.000009995526,100.000014896796,74.99993245114,0.100016362117276,0.100009982795564,0.100006145877222
9.22153692282047,0.217288980460209,300.000009995526,100.000014896796,74.9999324511403,0.100016362117112,0.100009982795467,0.100006145877164
9.23153858976496,0.216941363694356,300.000009995526,100.000014896795,74.9999324511406,0.100016362116892,0.100009982795338,0.100006145877088
9.24154025670945,0.216417721721802,300.000009995526,100.000014896795,74.9999324511409,0.100016362116659,0.100009982795202,0.100006145877007
9.25154192365394,0.215724847339186,300.000009995525,100.000014896795,74.9999324511411,0.100016362116453,0.100009982795081,0.100006145876935
9.26154359059843,0.214870442184525,300.000009995525,100.000014896795,74.9999324511412,0.100016362116311,0.100009982794999,0.100006145876887
9.27154525754292,0.21386305077972,300.000009995525,100.000014896794,74.9999324511413,0.100016362116268,0.100009982794974,0.100006145876872
9.28154692448742,0.212711990699704,300.000009995525,100.000014896795,74.9999324511412,0.100016362116352,0.100009982795022,0.100006145876901
9.2915485914319,0.211427279377572,300.000009995526,100.000014896795,74.999932451141,0.100016362116587,0.100009982795159,0.100006145876981
9.3015502583764,0.210019558065488,300.000009995526,100.000014896796,74.9999324511407,0.100016362116991,0.100009982795394,0.10000614587712
9.31155192532089,0.208500013478238,300.000009995526,100.000014896797,74.9999324511402,0.100016362117576,0.100009982795734,0.100006145877321
9.32155359226538,0.20688029764993,300.000009995527,100.000014896798,74.9999324511396,0.100016362118348,0.100009982796182,0.100006145877585
9.33155525920987,0.205172446534705,300.000009995527,100.0000148968,74.9999324511389,0.100016362119308,0.10000998279674,0.100006145877914
9.34155692615436,0.20338879787933,300.000009995528,100.000014896802,74.9999324511381,0.100016362120449,0.100009982797402,0.100006145878305
9.35155859309885,0.201541908889407,300.000009995528,100.000014896804,74.9999324511371,0.100016362121762,0.100009982798164,0.100006145878755
9.36156026004334,0.199644474201707,300.000009995529,100.000014896807,74.9999324511361,0.100016362123231,0.100009982799017,0.100006145879258
9.37156192698783,0.197709244662878,300.00000999553,100.000014896809,74.999932451135,0.100016362124838,0.100009982799949,0.100006145879807
9.38156359393232,0.195748947399776,300.000009995531,100.000014896812,74.9999324511338,0.100016362126559,0.100009982800948,0.100006145880396
9.39156526087681,0.193776207648872,300.000009995532,100.000014896816,74.9999324511326,0.100016362128372,0.100009982801999,0.100006145881016
9.4015669278213,0.191803472791966,300.000009995533,100.000014896819,74.9999324511313,0.100016362130249,0.100009982803088,0.100006145881658
9.41156859476579,0.189842939022779,300.000009995534,100.000014896822,74.9999324511301,0.100016362132163,0.100009982804198,0.100006145882312
9.42157026171028,0.187906481044241,300.000009995535,100.000014896826,74.9999324511289,0.100016362134088,0.100009982805314,0.100006145882969
9.43157192865478,0.18600558516953,300.000009995536,100.000014896829,74.9999324511277,0.100016362135997,0.10000998280642,0.100006145883621
9.44157359559927,0.184151286171393,300.000009995537,100.000014896832,74.9999324511266,0.100016362137864,0.100009982807503,0.100006145884259
9.45157526254376,0.182354108194239,300.000009995538,100.000014896836,74.9999324511255,0.100016362139668,0.100009982808548,0.100006145884874
9.46157692948825,0.180624010012069,300.000009995539,100.000014896839,74.9999324511245,0.100016362141386,0.100009982809543,0.10000614588546
9.47157859643274,0.178970334882785,300.00000999554,100.000014896841,74.9999324511235,0.100016362143001,0.100009982810478,0.100006145886011
9.48158026337723,0.177401765216043,300.00000999554,100.000014896844,74.9999324511227,0.100016362144497,0.100009982811345,0.100006145886521
9.49158193032172,0.175926282237678,300.000009995541,100.000014896847,74.999932451122,0.100016362145864,0.100009982812136,0.100006145886986
9.50158359726621,0.174551130799268,300.000009995542,100.000014896849,74.9999324511214,0.100016362147092,0.100009982812847,0.100006145887405
9.5115852642107,0.173282789446582,300.000009995542,100.000014896851,74.9999324511208,0.100016362148176,0.100009982813474,0.100006145887773
9.52158693115519,0.172126945825967,300.000009995543,100.000014896852,74.9999324511204,0.100016362149114,0.100009982814017,0.100006145888093
9.53158859809968,0.171088477473139,300.000009995543,100.000014896854,74.99993245112,0.100016362149909,0.100009982814476,0.100006145888362
9.54159026504417,0.170171437994717,300.000009995544,100.000014896855,74.9999324511198,0.100016362150564,0.100009982814854,0.100006145888585
9.55159193198866,0.169379048619367,300.000009995544,100.000014896856,74.9999324511196,0.100016362151086,0.100009982815155,0.100006145888761
9.56159359893316,0.168713695062677,300.000009995544,100.000014896857,74.9999324511195,0.100016362151484,0.100009982815385,0.100006145888896
9.57159526587765,0.168176929618235,300.000009995544,100.000014896857,74.9999324511195,0.10001636215177,0.10000998281555,0.100006145888992
9.58159693282214,0.167769478356833,300.000009995545,100.000014896858,74.9999324511195,0.100016362151957,0.100009982815657,0.100006145889055
9.59159859976663,0.167491253286573,300.000009995545,100.000014896858,74.9999324511195,0.100016362152059,0.100009982815715,0.100006145889089
9.60160026671112,0.167341369298927,300.000009995545,100.000014896858,74.9999324511196,0.100016362152093,0.100009982815734,0.100006145889099
9.61160193365561,0.167318165699805,300.000009995545,100.000014896858,74.9999324511197,0.100016362152072,0.100009982815721,0.100006145889091
9.6216036006001,0.167419232100352,300.000009995545,100.000014896858,74.9999324511198,0.100016362152014,0.100009982815687,0.100006145889071
9.63160526754459,0.167641438419823,300.000009995545,100.000014896858,74.99993245112,0.100016362151935,0.10000998281564,0.100006145889043
9.64160693448908,0.167980968732432,300.000009995545,100.000014896858,74.9999324511201,0.10001636215185,0.100009982815591,0.100006145889013
9.65160860143357,0.168433358671723,300.000009995545,100.000014896857,74.9999324511201,0.100016362151774,0.100009982815546,0.100006145888987
9.66161026837806,0.168993536089779,300.000009995545,100.000014896857,74.9999324511202,0.10001636215172,0.100009982815515,0.100006145888968
9.67161193532255,0.169655864654551,300.000009995545,100.000014896857,74.9999324511202,0.100016362151701,0.100009982815503,0.100006145888962
9.68161360226704,0.170414190056791,300.000009995545,100.000014896857,74.9999324511202,0.100016362151727,0.100009982815519,0.100006145888971
9.69161526921154,0.171261888488567,300.000009995545,100.000014896858,74.9999324511201,0.100016362151808,0.100009982815566,0.100006145888999
9.70161693615603,0.172191917048058,300.000009995545,100.000014896858,74.99993245112,0.100016362151951,0.100009982815649,0.100006145889048
9.71161860310052,0.173196865720378,300.000009995545,100.000014896858,74.9999324511198,0.100016362152162,0.100009982815772,0.10000614588912
9.72162027004501,0.174269010581468,300.000009995545,100.000014896859,74.9999324511196,0.100016362152444,0.100009982815936,0.100006145889217
9.7316219369895,0.175400367871614,300.000009995545,100.000014896859,74.9999324511194,0.100016362152799,0.100009982816142,0.100006145889339
9.74162360393399,0.176582748586889,300.000009995545,100.00001489686,74.9999324511191,0.100016362153226,0.10000998281639,0.100006145889485
9.75162527087848,0.177807813240662,300.000009995546,100.000014896861,74.9999324511187,0.100016362153723,0.100009982816678,0.100006145889655
9.76162693782297,0.179067126453257,300.000009995546,100.000014896862,74.9999324511183,0.100016362154287,0.100009982817005,0.100006145889848
9.77162860476746,0.180352211035769,300.000009995546,100.000014896863,74.9999324511179,0.10001636215491,0.100009982817367,0.100006145890061
9.78163027171195,0.1816546012439,300.000009995547,100.000014896864,74.9999324511174,0.100016362155587,0.10000998281776,0.100006145890293
9.79163193865644,0.182965894889267,300.000009995547,100.000014896865,74.9999324511169,0.10001636215631,0.100009982818179,0.10000614589054
9.80163360560093,0.184277804009041,300.000009995547,100.000014896867,74.9999324511164,0.100016362157068,0.100009982818619,0.100006145890799
9.81163527254542,0.185582203809631,300.000009995548,100.000014896868,74.9999324511159,0.100016362157852,0.100009982819073,0.100006145891067
9.82163693948992,0.186871179616549,300.000009995548,100.00001489687,74.9999324511154,0.100016362158652,0.100009982819537,0.10000614589134
9.83163860643441,0.188137071580281,300.000009995549,100.000014896871,74.9999324511149,0.100016362159456,0.100009982820003,0.100006145891615
9.8416402733789,0.189372516906886,300.000009995549,100.000014896872,74.9999324511144,0.100016362160253,0.100009982820465,0.100006145891887
9.85164194032339,0.190570489402008,300.00000999555,100.000014896874,74.9999324511139,0.100016362161034,0.100009982820918,0.100006145892154
9.86164360726788,0.191724336137812,300.00000999555,100.000014896875,74.9999324511135,0.100016362161789,0.100009982821355,0.100006145892411
9.87164527421237,0.192827811074007,300.00000999555,100.000014896876,74.9999324511131,0.100016362162508,0.100009982821771,0.100006145892656
9.88164694115686,0.193875105486317,300.000009995551,100.000014896878,74.9999324511127,0.100016362163184,0.100009982822163,0.100006145892887
9.89164860810135,0.194860875078451,300.000009995551,100.000014896879,74.9999324511124,0.100016362163809,0.100009982822524,0.1000061458931
9.90165027504584,0.19578026367664,300.000009995552,100.00001489688,74.9999324511121,0.100016362164378,0.100009982822854,0.100006145893293
9.91165194199033,0.196628923428941,300.000009995552,100.000014896881,74.9999324511118,0.100016362164886,0.100009982823148,0.100006145893466
9.92165360893482,0.197403031454708,300.000009995552,100.000014896881,74.9999324511116,0.100016362165332,0.100009982823406,0.100006145893618
9.93165527587931,0.19809930291266,300.000009995552,100.000014896882,74.9999324511115,0.100016362165714,0.100009982823627,0.100006145893748
9.9416569428238,0.198715000478784,300.000009995552,100.000014896883,74.9999324511113,0.100016362166032,0.10000998282381,0.100006145893856
9.95165860976829,0.199247940247661,300.000009995552,100.000014896883,74.9999324511112,0.100016362166289,0.100009982823959,0.100006145893943
9.96166027671279,0.199696494092662,300.000009995553,100.000014896884,74.9999324511112,0.100016362166487,0.100009982824073,0.100006145894009
9.97166194365728,0.200059588541667,300.000009995553,100.000014896884,74.9999324511112,0.100016362166631,0.100009982824156,0.100006145894058
9.98166361060177,0.200336700245328,300.000009995553,100.000014896884,74.9999324511112,0.100016362166726,0.10000998282421,0.10000614589409
9.99166527754626,0.200527848134471,300.000009995553,100.000014896884,74.9999324511112,0.10001636216678,0.100009982824241,0.100006145894108
